
<<<PAGE 1>>>
- 46 -
국토교통부고시제2026–55호
2026년 적용 화물자동차 안전운임 고시
｢
화물자동차 운수사업법｣
 제5조의11 및 같은 법 시행령 제4조의15에 따라
2026년도에적용되는화물자동차안전운임을다음과같이고시합니다.
2026. 1. 30.
국토교통부장관
1.목적
 ㅇ ｢
화물자동차운수사업법｣
제5조의11및같은법시행령제4조의15에따라
2026년에적용되는화물자동차안전운임을고시하고자함
2.공표대상
 ㅇ ｢
자동차관리법｣
제3조에따른특수자동차로운송되는수출입컨테이너
품목안전운임
 ㅇ ｢
자동차관리법｣
제3조에따른특수자동차로운송되는시멘트품목안전
운임
부 칙
제1조(시행일)이고시는2026년2월1일부터시행한다.
제2조(유효기간)이고시는2026년12월31일까지효력을가진다.
<<<PAGE 2>>>
【목 차】
1. ｢
자동차관리법｣
제3조에따른특수자동차로운송되는수출입컨테이너
품목 안전운임 ························································································1
 가.수출입컨테이너품목안전운임(부산신항·광양항과배후단지제외)··············1
 1) 거리(km)별운임(왕복)·······································································1
 2) 기점별운임(왕복,편도)···································································17
 나.부산신항·광양항과배후단지간수출입컨테이너품목안전운임(편도)··18
2. ｢
자동차관리법 ｣
 제3조에 따른 특수자동차로 운송되는 시멘트 품목
안전운임(왕복) ····················································································19
 가.시멘트품목안전운임(왕복)(제주지역제외)·······························19
 나.제주지역시멘트품목안전운임(왕복)············································35
[별표 1] ｢
자동차관리법 ｣
 제3조에 따른 특수자동차로 운송되는 수출입
컨테이너 품목 안전운임 부대조항 ······················································38
[별표 2] ｢
자동차관리법 ｣
 제3조에 따른 특수자동차로 운송되는 시멘트
품목 안전운임 부대조항 ·········································································52
[별지제1호서식]컨테이너세척확인서···············································59
[별지제2호서식]손상컨테이너교체확인서·······································60
[별지제3호서식]컨테이너험로·오지확인서 ····································61
[별지제4호서식]컨테이너대기시간확인서 ·····································62
[별지제5호서식]시멘트험로·오지확인서 ········································63
[별지제6호서식]시멘트대기시간확인서 ·········································64
<<<PAGE 3>>>
- 1 -
1. ｢
자동차관리법｣
 제3조에 따른 특수자동차로 운송되는 수출입 컨테이너
품목 안전운임
가.수출입컨테이너품목안전운임(부산신항·광양항과배후단지제외)
 1)거리(km)별운임(왕복)
(본운임표의운임은부가가치세가포함되지않은금액임)
구간
거리
(km)
운송
(왕복)
거리
(km)
40FT 컨테이너 20FT 컨테이너
안전위탁
운임
(원)
운수사업자
간 운임
(원)
안전운송
운임
(원)
안전위탁
운임
(원)
운수사업자
간 운임
(원)
안전운송
운임
(원)
1 2 125,300 135,500 146,500 108,500 117,600 127,400
2 4 128,300 138,500 149,500 111,000 120,100 129,900
3 6 131,700 142,000 153,200 113,600 122,800 132,800
4 8 134,700 145,200 156,500 116,500 125,900 136,000
5 10 137,500 148,100 159,600 119,000 128,500 138,800
6 12 140,600 151,400 163,100 121,800 131,400 141,800
7 14 143,700 154,700 166,500 124,400 134,200 144,700
8 16 147,000 158,100 170,100 127,100 137,000 147,700
9 18 149,900 161,200 173,300 129,800 139,900 150,700
10 20 153,000 164,400 176,700 132,500 142,700 153,700
11 22 156,100 167,700 180,200 135,100 145,400 156,500
12 24 159,100 170,900 183,500 137,900 148,400 159,600
13 26 162,200 174,100 186,900 140,600 151,200 162,600
14 28 165,200 177,300 190,200 143,100 153,900 165,400
15 30 168,400 180,600 193,700 145,800 156,700 168,400
16 32 171,500 183,900 197,200 149,200 160,200 172,000
17 34 174,500 187,100 200,500 152,800 164,000 175,900
18 36 177,500 190,200 203,800 156,400 167,700 179,800
19 38 180,500 193,400 207,100 160,000 171,500 183,700
20 40 183,500 196,500 210,400 163,500 175,100 187,500
21 42 186,600 199,800 213,900 167,100 178,800 191,300
22 44 189,600 203,000 217,200 170,700 182,600 195,200
23 46 192,700 206,200 220,600 174,100 186,100 198,900
24 48 196,500 210,200 224,700 177,900 190,100 203,000
<<<PAGE 4>>>
- 2 -
구간
거리
(km)
운송
(왕복)
거리
(km)
40FT 컨테이너 20FT 컨테이너
안전위탁
운임
(원)
운수사업자
간 운임
(원)
안전운송
운임
(원)
안전위탁
운임
(원)
운수사업자
간 운임
(원)
안전운송
운임
(원)
25 50 200,500 214,300 229,000 181,300 193,600 206,700
26 52 202,800 216,800 231,700 183,500 195,900 209,100
27 54 205,000 219,100 234,200 185,500 198,100 211,400
28 56 207,900 222,200 237,400 187,500 200,200 213,700
29 58 210,800 225,200 240,600 189,500 202,400 216,000
30 60 213,800 228,400 243,900 191,600 204,600 218,400
31 62 216,800 231,600 247,300 193,500 206,600 220,500
32 64 219,800 234,700 250,600 195,400 208,600 222,700
33 66 222,700 237,800 253,800 197,400 210,800 225,000
34 68 225,700 240,900 257,100 199,500 213,000 227,400
35 70 228,700 244,100 260,400 201,500 215,200 229,700
36 72 231,800 247,400 263,900 203,400 217,200 231,800
37 74 234,800 250,500 267,200 205,400 219,300 234,100
38 76 237,800 253,700 270,500 207,500 221,600 236,500
39 78 240,800 256,800 273,800 209,500 223,700 238,800
40 80 243,700 259,900 277,000 211,500 225,900 241,100
41 82 246,700 263,100 280,400 214,100 228,600 243,900
42 84 249,700 266,200 283,700 216,600 231,200 246,700
43 86 252,700 269,400 287,000 219,300 234,100 249,700
44 88 263,800 280,600 298,400 229,000 243,900 259,700
45 90 266,800 283,800 301,700 231,600 246,700 262,600
46 92 269,800 287,000 305,100 234,100 249,300 265,300
47 94 272,600 289,900 308,200 236,800 252,100 268,300
48 96 275,600 293,100 311,500 239,200 254,700 271,000
49 98 278,700 296,300 314,900 241,900 257,500 274,000
50 100 281,500 299,300 318,000 244,600 260,400 277,000
51 102 284,500 302,500 321,400 253,800 269,700 286,400
52 104 286,700 304,800 323,900 255,800 271,800 288,700
53 106 288,800 307,100 326,300 257,600 273,800 290,800
54 108 291,200 309,600 329,000 259,600 275,900 293,100
55 110 293,300 311,900 331,400 261,600 278,100 295,400
56 112 295,600 314,400 334,100 263,500 280,100 297,500
57 114 297,800 316,700 336,600 265,400 282,100 299,700
<<<PAGE 5>>>
- 3 -
구간
거리
(km)
운송
(왕복)
거리
(km)
40FT 컨테이너 20FT 컨테이너
안전위탁
운임
(원)
운수사업자
간 운임
(원)
안전운송
운임
(원)
안전위탁
운임
(원)
운수사업자
간 운임
(원)
안전운송
운임
(원)
58 116 300,000 319,000 339,100 267,500 284,400 302,100
59 118 302,200 321,400 341,600 269,400 286,400 304,300
60 120 304,400 323,700 344,100 271,300 288,500 306,500
61 122 306,600 326,100 346,700 273,100 290,400 308,500
62 124 308,900 328,600 349,300 275,200 292,600 310,900
63 126 311,000 330,800 351,700 277,100 294,600 313,100
64 128 313,200 333,200 354,200 278,900 296,600 315,200
65 130 315,500 335,600 356,800 280,800 298,600 317,400
66 132 317,600 337,900 359,300 282,800 300,700 319,600
67 134 319,700 340,100 361,700 284,700 302,800 321,800
68 136 321,900 342,500 364,200 286,700 304,900 324,100
69 138 324,100 344,800 366,700 288,500 306,900 326,200
70 140 326,200 347,100 369,100 290,500 309,000 328,500
71 142 328,500 349,600 371,800 292,300 310,900 330,500
72 144 330,700 351,900 374,300 294,100 312,800 332,600
73 146 332,700 354,100 376,600 296,000 314,900 334,800
74 148 335,000 356,500 379,200 298,000 317,000 337,100
75 150 337,100 358,700 381,600 299,900 319,100 339,300
76 152 339,200 361,000 384,100 301,700 321,000 341,300
77 154 341,600 363,600 386,800 303,600 323,000 343,500
78 156 343,600 365,700 389,100 305,400 325,000 345,600
79 158 345,800 368,100 391,600 307,400 327,100 347,900
80 160 348,000 370,400 394,100 309,200 329,100 350,000
81 162 350,200 372,800 396,700 311,000 330,900 352,000
82 164 352,300 375,100 399,100 313,000 333,100 354,300
83 166 354,500 377,400 401,600 314,800 335,000 356,400
84 168 356,700 379,700 404,100 316,600 337,000 358,500
85 170 358,800 382,000 406,500 318,500 339,000 360,700
86 172 360,900 384,300 409,000 320,500 341,100 362,900
87 174 363,000 386,500 411,400 322,200 343,000 364,900
88 176 365,000 388,700 413,700 324,100 345,000 367,100
89 178 367,300 391,100 416,300 325,900 347,000 369,200
90 180 369,500 393,500 418,800 327,800 349,000 371,400
<<<PAGE 6>>>
- 4 -
구간
거리
(km)
운송
(왕복)
거리
(km)
40FT 컨테이너 20FT 컨테이너
안전위탁
운임
(원)
운수사업자
간 운임
(원)
안전운송
운임
(원)
안전위탁
운임
(원)
운수사업자
간 운임
(원)
안전운송
운임
(원)
91 182 371,700 395,800 421,400 329,700 351,000 373,500
92 184 373,700 398,000 423,700 331,300 352,700 375,400
93 186 376,000 400,400 426,300 333,200 354,800 377,600
94 188 378,100 402,700 428,700 335,200 356,900 379,900
95 190 380,100 404,800 431,000 336,900 358,800 381,900
96 192 382,400 407,300 433,700 338,700 360,700 383,900
97 194 384,500 409,600 436,100 340,500 362,600 386,000
98 196 386,600 411,800 438,500 342,400 364,700 388,200
99 198 388,700 414,100 440,900 344,300 366,700 390,400
100 200 390,900 416,400 443,400 346,000 368,500 392,400
101 202 393,000 418,700 445,900 347,900 370,500 394,500
102 204 395,100 420,900 448,300 349,800 372,600 396,700
103 206 397,200 423,200 450,700 351,500 374,400 398,700
104 208 399,500 425,600 453,300 353,300 376,400 400,800
105 210 401,500 427,800 455,600 355,100 378,300 402,900
106 212 403,400 429,900 457,900 357,000 380,300 405,000
107 214 405,600 432,200 460,400 358,800 382,300 407,100
108 216 407,700 434,400 462,800 360,600 384,200 409,200
109 218 409,700 436,600 465,100 362,300 386,000 411,200
110 220 411,900 438,900 467,600 364,100 388,000 413,300
111 222 414,100 441,300 470,200 366,000 390,000 415,400
112 224 424,200 451,600 480,600 374,700 398,900 424,400
113 226 426,300 453,900 483,000 376,600 400,900 426,600
114 228 428,400 456,100 485,400 378,400 402,800 428,700
115 230 430,500 458,300 487,800 380,200 404,800 430,800
116 232 432,600 460,600 490,300 382,000 406,700 432,800
117 234 434,700 462,900 492,700 383,700 408,500 434,800
118 236 436,800 465,100 495,100 385,500 410,500 436,900
119 238 438,800 467,300 497,400 387,200 412,300 438,900
120 240 441,000 469,600 499,900 389,000 414,300 441,000
121 242 443,100 471,900 502,400 390,700 416,100 442,900
122 244 445,000 473,900 504,600 392,500 418,000 445,000
123 246 447,100 476,200 507,000 394,400 420,000 447,200
<<<PAGE 7>>>
- 5 -
구간
거리
(km)
운송
(왕복)
거리
(km)
40FT 컨테이너 20FT 컨테이너
안전위탁
운임
(원)
운수사업자
간 운임
(원)
안전운송
운임
(원)
안전위탁
운임
(원)
운수사업자
간 운임
(원)
안전운송
운임
(원)
124 248 449,400 478,600 509,600 396,000 421,800 449,100
125 250 451,400 480,800 511,900 397,800 423,700 451,200
126 252 453,500 483,100 514,400 399,600 425,600 453,200
127 254 455,500 485,200 516,700 401,400 427,600 455,300
128 256 457,500 487,400 519,000 403,200 429,500 457,400
129 258 459,600 489,600 521,400 404,900 431,400 459,400
130 260 461,500 491,600 523,600 406,600 433,200 461,400
131 262 463,800 494,100 526,300 408,300 435,000 463,300
132 264 465,800 496,300 528,600 410,200 437,000 465,500
133 266 467,900 498,500 531,000 411,900 438,900 467,500
134 268 469,900 500,700 533,300 413,600 440,700 469,500
135 270 471,900 502,800 535,600 415,200 442,500 471,400
136 272 474,100 505,200 538,200 417,000 444,400 473,400
137 274 476,100 507,300 540,500 418,900 446,400 475,600
138 276 478,100 509,500 542,800 420,600 448,300 477,600
139 278 480,200 511,700 545,200 422,100 449,900 479,400
140 280 482,300 514,000 547,600 424,100 452,000 481,700
141 282 484,300 516,200 550,000 425,800 453,800 483,600
142 284 486,400 518,400 552,400 427,300 455,500 485,400
143 286 488,600 520,800 554,900 429,000 457,300 487,400
144 288 490,600 522,900 557,200 430,800 459,300 489,500
145 290 492,600 525,100 559,500 432,500 461,100 491,500
146 292 494,600 527,200 561,900 434,300 463,000 493,500
147 294 496,700 529,500 564,300 435,900 464,800 495,400
148 296 498,700 531,600 566,600 437,600 466,600 497,400
149 298 500,600 533,700 568,800 439,500 468,600 499,600
150 300 502,700 535,900 571,200 441,000 470,300 501,400
151 302 504,800 538,200 573,700 442,800 472,200 503,400
152 304 506,800 540,400 576,000 444,400 473,900 505,300
153 306 508,700 542,400 578,200 446,000 475,700 507,200
154 308 510,900 544,700 580,700 447,900 477,700 509,400
155 310 512,900 546,900 583,000 449,500 479,500 511,300
156 312 514,800 549,000 585,300 451,200 481,300 513,200
<<<PAGE 8>>>
- 6 -
구간
거리
(km)
운송
(왕복)
거리
(km)
40FT 컨테이너 20FT 컨테이너
안전위탁
운임
(원)
운수사업자
간 운임
(원)
안전운송
운임
(원)
안전위탁
운임
(원)
운수사업자
간 운임
(원)
안전운송
운임
(원)
157 314 517,000 551,300 587,800 452,800 483,000 515,100
158 316 519,100 553,600 590,200 454,600 484,900 517,200
159 318 521,000 555,600 592,400 456,200 486,700 519,100
160 320 523,000 557,800 594,700 457,800 488,400 521,000
161 322 525,300 560,200 597,400 459,600 490,300 523,000
162 324 527,100 562,200 599,500 461,300 492,200 525,000
163 326 529,100 564,300 601,800 462,900 493,900 526,900
164 328 531,000 566,400 604,000 464,500 495,600 528,800
165 330 533,300 568,800 606,600 466,200 497,500 530,800
166 332 535,200 570,900 608,900 467,800 499,200 532,600
167 334 537,200 573,100 611,200 469,500 501,000 534,600
168 336 539,100 575,100 613,400 471,000 502,700 536,400
169 338 541,100 577,200 615,700 472,700 504,500 538,400
170 340 543,300 579,600 618,200 474,300 506,300 540,300
171 342 545,100 581,600 620,400 476,100 508,200 542,300
172 344 547,300 583,900 622,900 477,800 510,000 544,300
173 346 549,300 586,100 625,200 479,300 511,600 546,100
174 348 551,100 588,000 627,300 481,000 513,500 548,100
175 350 553,100 590,200 629,600 482,500 515,100 549,900
176 352 555,200 592,400 632,100 484,300 517,000 551,900
177 354 557,200 594,600 634,400 486,000 518,900 553,900
178 356 559,200 596,700 636,700 487,500 520,500 555,700
179 358 561,300 599,000 639,100 489,200 522,400 557,700
180 360 563,400 601,200 641,500 490,700 524,000 559,500
181 362 565,300 603,300 643,800 492,500 525,900 561,500
182 364 567,200 605,400 646,000 494,100 527,600 563,400
183 366 569,100 607,400 648,200 495,700 529,400 565,300
184 368 571,200 609,600 650,600 497,300 531,100 567,200
185 370 573,100 611,700 652,800 499,000 533,000 569,200
186 372 575,200 614,000 655,300 500,600 534,700 571,000
187 374 585,300 624,300 665,700 509,400 543,600 580,100
188 376 587,200 626,300 667,900 511,000 545,400 582,000
189 378 589,200 628,400 670,200 512,600 547,100 583,900
<<<PAGE 9>>>
- 7 -
구간
거리
(km)
운송
(왕복)
거리
(km)
40FT 컨테이너 20FT 컨테이너
안전위탁
운임
(원)
운수사업자
간 운임
(원)
안전운송
운임
(원)
안전위탁
운임
(원)
운수사업자
간 운임
(원)
안전운송
운임
(원)
190 380 591,000 630,400 672,300 514,200 548,900 585,800
191 382 593,200 632,800 674,900 515,800 550,600 587,600
192 384 595,100 634,800 677,100 517,600 552,500 589,700
193 386 597,100 637,000 679,400 519,300 554,300 591,700
194 388 598,900 638,900 681,500 521,100 556,300 593,800
195 390 601,100 641,300 684,000 522,900 558,200 595,900
196 392 603,000 643,300 686,300 524,600 560,000 597,800
197 394 605,000 645,500 688,600 526,300 561,900 599,800
198 396 606,800 647,400 690,700 528,100 563,800 601,900
199 398 608,900 649,700 693,100 529,700 565,600 603,800
200 400 610,800 651,700 695,300 531,400 567,400 605,800
201 402 612,800 653,900 697,700 533,100 569,200 607,700
202 404 614,800 656,100 700,000 534,800 571,000 609,700
203 406 616,700 658,100 702,200 536,600 573,000 611,800
204 408 618,700 660,200 704,500 538,300 574,800 613,800
205 410 620,700 662,400 706,800 539,900 576,600 615,700
206 412 622,800 664,700 709,300 541,700 578,500 617,700
207 414 624,700 666,700 711,500 543,500 580,400 619,800
208 416 626,500 668,700 713,600 545,000 582,100 621,600
209 418 628,500 670,800 715,900 546,800 584,000 623,700
210 420 630,600 673,100 718,300 548,500 585,800 625,700
211 422 632,400 675,000 720,500 550,200 587,600 627,600
212 424 634,300 677,100 722,700 552,000 589,600 629,700
213 426 636,200 679,100 724,900 553,600 591,300 631,600
214 428 638,200 681,300 727,200 555,300 593,200 633,600
215 430 640,000 683,200 729,300 556,800 594,800 635,400
216 432 642,000 685,400 731,700 558,700 596,800 637,500
217 434 644,100 687,700 734,100 560,200 598,500 639,300
218 436 646,000 689,700 736,300 562,000 600,400 641,400
219 438 647,800 691,600 738,400 563,700 602,200 643,400
220 440 649,800 693,800 740,700 565,400 604,100 645,400
221 442 652,000 696,200 743,300 567,200 606,000 647,400
222 444 653,800 698,100 745,400 568,700 607,600 649,200
<<<PAGE 10>>>
- 8 -
구간
거리
(km)
운송
(왕복)
거리
(km)
40FT 컨테이너 20FT 컨테이너
안전위탁
운임
(원)
운수사업자
간 운임
(원)
안전운송
운임
(원)
안전위탁
운임
(원)
운수사업자
간 운임
(원)
안전운송
운임
(원)
223 446 655,600 700,100 747,500 570,500 609,600 651,300
224 448 657,600 702,200 749,800 572,200 611,400 653,300
225 450 659,600 704,300 752,100 573,800 613,200 655,200
226 452 661,600 706,500 754,500 575,500 615,000 657,100
227 454 663,400 708,500 756,600 577,200 616,800 659,100
228 456 665,300 710,500 758,800 578,900 618,600 661,100
229 458 667,400 712,800 761,200 580,600 620,500 663,100
230 460 669,400 714,900 763,500 582,300 622,300 665,100
231 462 671,200 716,900 765,700 583,900 624,000 666,900
232 464 673,100 718,900 767,900 585,600 625,900 668,900
233 466 675,100 721,100 770,200 587,400 627,800 671,000
234 468 676,900 723,000 772,300 589,100 629,600 673,000
235 470 678,800 725,100 774,500 590,700 631,400 674,900
236 472 680,700 727,200 776,800 592,300 633,100 676,700
237 474 682,600 729,200 779,000 593,900 634,800 678,600
238 476 684,600 731,400 781,300 595,700 636,800 680,700
239 478 686,600 733,500 783,600 597,300 638,500 682,600
240 480 688,300 735,300 785,600 598,900 640,300 684,500
241 482 690,300 737,500 788,000 600,500 642,000 686,300
242 484 692,300 739,700 790,300 602,300 643,900 688,400
243 486 694,100 741,600 792,400 603,900 645,600 690,300
244 488 696,200 743,900 794,800 605,600 647,500 692,300
245 490 698,000 745,800 796,900 607,200 649,200 694,200
246 492 699,900 747,900 799,200 609,000 651,100 696,200
247 494 701,900 750,000 801,500 610,700 653,000 698,200
248 496 703,700 752,000 803,600 612,300 654,700 700,100
249 498 705,600 754,000 805,800 613,900 656,500 702,000
250 500 707,500 756,100 808,000 621,700 664,400 710,100
251 502 709,300 758,100 810,200 623,300 666,100 711,900
252 504 711,400 760,300 812,600 624,900 667,900 713,800
253 506 713,400 762,400 814,900 626,400 669,500 715,600
254 508 715,200 764,400 817,000 628,000 671,300 717,500
255 510 717,000 766,300 819,100 629,400 672,800 719,200
<<<PAGE 11>>>
- 9 -
구간
거리
(km)
운송
(왕복)
거리
(km)
40FT 컨테이너 20FT 컨테이너
안전위탁
운임
(원)
운수사업자
간 운임
(원)
안전운송
운임
(원)
안전위탁
운임
(원)
운수사업자
간 운임
(원)
안전운송
운임
(원)
256 512 718,900 768,400 821,400 630,800 674,300 720,800
257 514 720,700 770,400 823,500 632,600 676,200 722,900
258 516 722,700 772,500 825,800 634,000 677,800 724,600
259 518 724,400 774,400 827,800 635,500 679,400 726,400
260 520 726,500 776,600 830,200 637,100 681,200 728,300
261 522 728,300 778,600 832,400 638,700 682,900 730,100
262 524 730,200 780,600 834,600 640,100 684,400 731,800
263 526 732,000 782,600 836,700 641,700 686,100 733,700
264 528 734,100 784,800 839,100 643,100 687,700 735,400
265 530 735,900 786,800 841,200 644,400 689,100 737,000
266 532 737,700 788,800 843,400 646,200 691,000 739,000
267 534 747,800 799,000 853,800 654,700 699,700 747,800
268 536 749,600 801,000 855,900 656,400 701,500 749,800
269 538 751,400 802,900 858,000 657,800 703,100 751,500
270 540 753,400 805,100 860,300 659,200 704,600 753,200
271 542 757,900 809,800 865,200 685,100 730,700 779,300
272 544 759,700 811,700 867,300 686,600 732,400 781,100
273 546 761,200 813,400 869,100 688,000 733,900 782,800
274 548 763,000 815,300 871,200 689,500 735,600 784,600
275 550 764,600 817,000 873,100 691,200 737,400 786,600
276 552 766,400 819,000 875,300 692,700 739,000 788,300
277 554 767,900 820,700 877,100 694,000 740,400 789,900
278 556 769,700 822,600 879,200 695,500 742,100 791,700
279 558 771,400 824,500 881,200 696,900 743,600 793,400
280 560 772,900 826,100 883,000 698,600 745,500 795,400
281 562 774,500 827,900 885,000 700,100 747,100 797,100
282 564 776,000 829,500 886,800 701,500 748,600 798,800
283 566 777,800 831,500 888,900 703,000 750,200 800,600
284 568 779,600 833,400 891,000 704,500 751,900 802,400
285 570 781,400 835,400 893,100 706,000 753,500 804,200
286 572 783,100 837,200 895,200 707,500 755,100 805,900
287 574 785,300 839,600 897,700 709,100 756,900 807,800
288 576 787,000 841,400 899,700 710,400 758,300 809,400
<<<PAGE 12>>>
- 10 -
구간
거리
(km)
운송
(왕복)
거리
(km)
40FT 컨테이너 20FT 컨테이너
안전위탁
운임
(원)
운수사업자
간 운임
(원)
안전운송
운임
(원)
안전위탁
운임
(원)
운수사업자
간 운임
(원)
안전운송
운임
(원)
289 578 788,800 843,400 901,800 711,900 760,000 811,200
290 580 790,800 845,500 904,100 713,500 761,700 813,100
291 582 792,600 847,500 906,300 715,000 763,300 814,800
292 584 794,600 849,700 908,600 716,300 764,700 816,400
293 586 796,200 851,400 910,500 717,800 766,400 818,200
294 588 798,100 853,400 912,700 719,400 768,100 820,100
295 590 800,100 855,600 915,000 720,800 769,700 821,800
296 592 802,000 857,700 917,300 722,200 771,200 823,400
297 594 803,700 859,500 919,300 723,500 772,600 825,000
298 596 805,800 861,800 921,700 725,100 774,300 826,900
299 598 807,500 863,600 923,700 726,700 776,100 828,800
300 600 814,800 871,100 931,300 733,100 782,600 835,500
301 602 816,600 873,100 933,500 734,600 784,200 837,200
302 604 818,400 875,000 935,600 736,000 785,800 838,900
303 606 820,100 876,800 937,600 737,600 787,500 840,800
304 608 822,000 878,900 939,800 739,000 789,100 842,500
305 610 823,800 880,800 941,900 740,400 790,600 844,200
306 612 825,800 883,000 944,300 741,800 792,100 845,800
307 614 827,500 884,900 946,300 743,400 793,800 847,700
308 616 829,400 886,900 948,500 744,800 795,400 849,400
309 618 831,400 889,100 950,800 746,300 797,000 851,200
310 620 833,200 891,000 952,900 747,700 798,600 852,900
311 622 834,900 892,900 955,000 749,100 800,100 854,500
312 624 836,700 894,800 957,100 750,700 801,800 856,400
313 626 838,700 897,000 959,400 752,100 803,400 858,100
314 628 840,500 898,900 961,500 753,500 804,900 859,800
315 630 842,200 900,800 963,500 755,000 806,500 861,600
316 632 844,100 902,800 965,800 756,400 808,000 863,200
317 634 846,100 905,000 968,100 758,100 809,900 865,200
318 636 847,800 906,800 970,100 759,500 811,400 866,900
319 638 849,600 908,800 972,200 760,900 813,000 868,600
320 640 851,300 910,600 974,200 762,300 814,500 870,300
321 642 853,400 912,900 976,700 763,600 815,900 871,800
<<<PAGE 13>>>
- 11 -
구간
거리
(km)
운송
(왕복)
거리
(km)
40FT 컨테이너 20FT 컨테이너
안전위탁
운임
(원)
운수사업자
간 운임
(원)
안전운송
운임
(원)
안전위탁
운임
(원)
운수사업자
간 운임
(원)
안전운송
운임
(원)
322 644 855,100 914,800 978,700 765,200 817,600 873,700
323 646 856,900 916,700 980,800 766,500 819,100 875,300
324 648 858,600 918,500 982,800 767,900 820,600 877,000
325 650 860,800 920,900 985,300 769,300 822,200 878,700
326 652 862,400 922,700 987,300 770,800 823,800 880,400
327 654 864,100 924,500 989,300 772,300 825,400 882,200
328 656 865,900 926,500 991,400 773,700 826,900 883,900
329 658 867,800 928,500 993,600 775,000 828,400 885,500
330 660 869,600 930,400 995,700 776,400 829,900 887,200
331 662 871,400 932,400 997,900 778,000 831,600 889,000
332 664 873,300 934,500 1,000,100 779,500 833,300 890,800
333 666 875,100 936,400 1,002,200 780,900 834,800 892,500
334 668 876,900 938,400 1,004,300 782,300 836,300 894,200
335 670 878,700 940,300 1,006,400 783,800 838,000 896,000
336 672 880,700 942,500 1,008,800 785,100 839,400 897,500
337 674 882,300 944,200 1,010,700 786,600 841,000 899,300
338 676 884,200 946,300 1,012,900 788,000 842,600 901,000
339 678 885,900 948,100 1,014,900 789,500 844,200 902,800
340 680 887,900 950,300 1,017,200 790,900 845,800 904,500
341 682 889,700 952,300 1,019,400 792,100 847,100 905,900
342 684 891,400 954,100 1,021,400 793,800 848,900 907,900
343 686 893,200 956,000 1,023,500 795,100 850,300 909,500
344 688 895,100 958,100 1,025,700 796,500 851,900 911,200
345 690 896,900 960,000 1,027,800 797,900 853,400 912,900
346 692 898,600 961,900 1,029,900 799,300 854,900 914,500
347 694 900,500 964,000 1,032,100 800,800 856,600 916,300
348 696 902,300 965,900 1,034,200 802,300 858,200 918,100
349 698 904,100 967,900 1,036,300 803,400 859,400 919,500
350 700 905,900 969,800 1,038,400 804,900 861,100 921,300
351 702 915,600 979,700 1,048,500 813,400 869,700 930,000
352 704 917,600 981,900 1,050,800 814,900 871,400 931,800
353 706 919,200 983,600 1,052,700 816,200 872,800 933,400
354 708 921,100 985,700 1,054,900 817,600 874,300 935,100
<<<PAGE 14>>>
- 12 -
구간
거리
(km)
운송
(왕복)
거리
(km)
40FT 컨테이너 20FT 컨테이너
안전위탁
운임
(원)
운수사업자
간 운임
(원)
안전운송
운임
(원)
안전위탁
운임
(원)
운수사업자
간 운임
(원)
안전운송
운임
(원)
355 710 922,900 987,600 1,057,000 819,100 876,000 936,900
356 712 924,800 989,700 1,059,300 820,500 877,500 938,500
357 714 926,500 991,500 1,061,300 821,900 879,000 940,200
358 716 928,300 993,500 1,063,400 823,300 880,600 941,900
359 718 930,000 995,300 1,065,400 824,800 882,200 943,700
360 720 931,900 997,400 1,067,600 826,000 883,500 945,200
361 722 933,600 999,200 1,069,700 827,500 885,100 946,900
362 724 935,500 1,001,300 1,071,900 829,000 886,800 948,700
363 726 937,200 1,003,100 1,073,900 830,300 888,200 950,300
364 728 939,000 1,005,100 1,076,000 831,700 889,800 952,000
365 730 940,900 1,007,100 1,078,200 833,200 891,400 953,800
366 732 942,600 1,009,000 1,080,300 834,400 892,700 955,200
367 734 944,500 1,011,100 1,082,500 836,000 894,400 957,100
368 736 946,300 1,013,000 1,084,600 837,300 895,900 958,700
369 738 948,000 1,014,800 1,086,600 838,700 897,400 960,400
370 740 949,700 1,016,700 1,088,600 840,100 899,000 962,100
371 742 951,500 1,018,700 1,090,800 841,400 900,400 963,600
372 744 953,400 1,020,700 1,093,000 843,000 902,100 965,500
373 746 955,100 1,022,600 1,095,000 844,300 903,500 967,100
374 748 956,700 1,024,300 1,096,900 845,600 905,000 968,700
375 750 958,600 1,026,300 1,099,100 847,100 906,600 970,500
376 752 960,400 1,028,300 1,101,300 848,200 907,800 971,800
377 754 962,100 1,030,200 1,103,300 849,800 909,600 973,700
378 756 963,900 1,032,100 1,105,400 851,100 911,000 975,300
379 758 965,600 1,034,000 1,107,400 852,400 912,400 976,900
380 760 967,600 1,036,100 1,109,700 853,900 914,100 978,700
381 762 969,300 1,038,000 1,111,800 855,100 915,400 980,100
382 764 970,900 1,039,700 1,113,700 856,700 917,100 982,000
383 766 972,800 1,041,800 1,115,900 858,100 918,700 983,700
384 768 974,600 1,043,700 1,118,000 859,300 920,000 985,200
385 770 976,400 1,045,700 1,120,100 860,800 921,700 987,000
386 772 978,100 1,047,600 1,122,200 862,100 923,000 988,500
387 774 980,000 1,049,600 1,124,400 863,700 924,800 990,400
<<<PAGE 15>>>
- 13 -
구간
거리
(km)
운송
(왕복)
거리
(km)
40FT 컨테이너 20FT 컨테이너
안전위탁
운임
(원)
운수사업자
간 운임
(원)
안전운송
운임
(원)
안전위탁
운임
(원)
운수사업자
간 운임
(원)
안전운송
운임
(원)
388 776 981,900 1,051,600 1,126,600 864,900 926,100 991,900
389 778 983,600 1,053,500 1,128,600 866,300 927,700 993,600
390 780 985,300 1,055,300 1,130,600 867,600 929,100 995,200
391 782 987,100 1,057,300 1,132,800 869,000 930,600 996,800
392 784 988,900 1,059,300 1,134,900 870,300 932,000 998,400
393 786 990,600 1,061,100 1,136,900 871,800 933,700 1,000,200
394 788 992,400 1,063,000 1,139,000 873,100 935,100 1,001,800
395 790 994,100 1,064,900 1,141,000 874,600 936,800 1,003,600
396 792 996,000 1,067,000 1,143,300 875,800 938,100 1,005,000
397 794 997,600 1,068,700 1,145,200 877,200 939,600 1,006,700
398 796 999,200 1,070,500 1,147,100 878,600 941,200 1,008,400
399 798 1,001,100 1,072,500 1,149,300 880,100 942,800 1,010,200
400 800 1,002,800 1,074,300 1,151,300 881,300 944,100 1,011,700
401 802 1,004,500 1,076,100 1,153,000 882,700 945,500 1,013,100
402 804 1,006,300 1,077,900 1,154,800 884,000 946,800 1,014,400
403 806 1,008,000 1,079,600 1,156,500 885,400 948,300 1,015,800
404 808 1,009,800 1,081,400 1,158,300 886,700 949,600 1,017,100
405 810 1,011,700 1,083,300 1,160,200 888,100 951,000 1,018,500
406 812 1,013,300 1,084,900 1,161,800 889,300 952,200 1,019,700
407 814 1,015,000 1,086,600 1,163,500 890,800 953,700 1,021,200
408 816 1,016,900 1,088,500 1,165,400 892,200 955,100 1,022,600
409 818 1,018,700 1,090,300 1,167,200 893,500 956,400 1,023,900
410 820 1,020,400 1,092,000 1,168,900 894,900 957,800 1,025,300
411 822 1,022,100 1,093,700 1,170,600 896,200 959,100 1,026,600
412 824 1,023,900 1,095,500 1,172,400 897,600 960,500 1,028,000
413 826 1,025,700 1,097,400 1,174,200 899,000 961,900 1,029,400
414 828 1,027,500 1,099,200 1,176,000 900,300 963,200 1,030,700
415 830 1,029,100 1,100,800 1,177,600 901,600 964,500 1,032,000
416 832 1,030,900 1,102,600 1,179,400 902,900 965,800 1,033,300
417 834 1,032,800 1,104,500 1,181,300 904,300 967,200 1,034,700
418 836 1,034,500 1,106,200 1,183,000 905,700 968,600 1,036,100
419 838 1,036,000 1,107,700 1,184,500 907,000 970,000 1,037,400
420 840 1,038,000 1,109,700 1,186,500 908,400 971,400 1,038,800
<<<PAGE 16>>>
- 14 -
구간
거리
(km)
운송
(왕복)
거리
(km)
40FT 컨테이너 20FT 컨테이너
안전위탁
운임
(원)
운수사업자
간 운임
(원)
안전운송
운임
(원)
안전위탁
운임
(원)
운수사업자
간 운임
(원)
안전운송
운임
(원)
421 842 1,039,500 1,111,200 1,188,000 909,700 972,700 1,040,100
422 844 1,041,200 1,112,900 1,189,700 911,100 974,100 1,041,500
423 846 1,043,100 1,114,800 1,191,600 912,500 975,500 1,042,900
424 848 1,044,800 1,116,500 1,193,300 913,800 976,800 1,044,200
425 850 1,046,500 1,118,300 1,195,000 915,200 978,200 1,045,600
426 852 1,048,400 1,120,200 1,196,900 916,500 979,500 1,046,900
427 854 1,050,000 1,121,800 1,198,500 917,800 980,800 1,048,200
428 856 1,051,900 1,123,700 1,200,400 919,300 982,300 1,049,700
429 858 1,053,700 1,125,500 1,202,200 920,600 983,600 1,051,000
430 860 1,055,200 1,127,000 1,203,700 921,800 984,800 1,052,200
431 862 1,056,900 1,128,700 1,205,400 923,100 986,100 1,053,500
432 864 1,058,800 1,130,600 1,207,300 924,400 987,400 1,054,800
433 866 1,060,600 1,132,400 1,209,100 925,700 988,700 1,056,100
434 868 1,062,200 1,134,000 1,210,700 927,200 990,300 1,057,600
435 870 1,064,100 1,135,900 1,212,600 928,500 991,600 1,058,900
436 872 1,065,800 1,137,600 1,214,300 929,700 992,800 1,060,100
437 874 1,067,600 1,139,400 1,216,100 931,100 994,200 1,061,500
438 876 1,077,300 1,149,200 1,225,800 939,400 1,002,500 1,069,800
439 878 1,079,000 1,150,900 1,227,500 940,900 1,004,000 1,071,300
440 880 1,080,800 1,152,700 1,229,300 942,200 1,005,300 1,072,600
441 882 1,082,500 1,154,400 1,231,000 943,400 1,006,500 1,073,800
442 884 1,084,300 1,156,200 1,232,800 944,900 1,008,000 1,075,300
443 886 1,085,900 1,157,800 1,234,400 946,200 1,009,300 1,076,600
444 888 1,087,700 1,159,600 1,236,200 947,600 1,010,700 1,078,000
445 890 1,089,500 1,161,500 1,238,000 948,900 1,012,100 1,079,300
446 892 1,091,100 1,163,100 1,239,600 950,200 1,013,400 1,080,600
447 894 1,092,900 1,164,900 1,241,400 951,600 1,014,800 1,082,000
448 896 1,094,600 1,166,600 1,243,100 953,100 1,016,300 1,083,500
449 898 1,096,400 1,168,400 1,244,900 954,700 1,017,900 1,085,100
450 900 1,097,900 1,169,900 1,246,400 956,200 1,019,400 1,086,600
451 902 1,099,700 1,171,700 1,248,200 957,600 1,020,800 1,088,000
452 904 1,101,500 1,173,500 1,250,000 959,200 1,022,400 1,089,600
453 906 1,103,200 1,175,200 1,251,700 960,700 1,023,900 1,091,100
<<<PAGE 17>>>
- 15 -
구간
거리
(km)
운송
(왕복)
거리
(km)
40FT 컨테이너 20FT 컨테이너
안전위탁
운임
(원)
운수사업자
간 운임
(원)
안전운송
운임
(원)
안전위탁
운임
(원)
운수사업자
간 운임
(원)
안전운송
운임
(원)
454 908 1,104,900 1,176,900 1,253,400 962,300 1,025,500 1,092,700
455 910 1,106,700 1,178,700 1,255,200 963,800 1,027,000 1,094,200
456 912 1,108,400 1,180,400 1,256,900 965,200 1,028,400 1,095,600
457 914 1,110,000 1,182,000 1,258,500 966,700 1,029,900 1,097,100
458 916 1,111,900 1,184,000 1,260,400 968,400 1,031,600 1,098,800
459 918 1,113,600 1,185,700 1,262,100 969,900 1,033,100 1,100,300
460 920 1,115,300 1,187,400 1,263,800 971,300 1,034,600 1,101,700
461 922 1,117,200 1,189,300 1,265,700 972,700 1,036,000 1,103,100
462 924 1,118,800 1,190,900 1,267,300 974,200 1,037,500 1,104,600
463 926 1,120,400 1,192,500 1,268,900 975,900 1,039,200 1,106,300
464 928 1,122,200 1,194,300 1,270,700 977,200 1,040,500 1,107,600
465 930 1,124,100 1,196,200 1,272,600 978,700 1,042,000 1,109,100
466 932 1,125,700 1,197,800 1,274,200 980,200 1,043,500 1,110,600
467 934 1,127,300 1,199,400 1,275,800 981,800 1,045,100 1,112,200
468 936 1,129,200 1,201,300 1,277,700 983,200 1,046,500 1,113,600
469 938 1,130,800 1,202,900 1,279,300 984,700 1,048,000 1,115,100
470 940 1,132,600 1,204,800 1,281,100 986,200 1,049,500 1,116,600
471 942 1,134,300 1,206,500 1,282,800 987,700 1,051,000 1,118,100
472 944 1,136,000 1,208,200 1,284,500 989,300 1,052,600 1,119,700
473 946 1,137,600 1,209,800 1,286,100 990,800 1,054,100 1,121,200
474 948 1,139,300 1,211,500 1,287,800 992,200 1,055,600 1,122,600
475 950 1,141,200 1,213,400 1,289,700 993,700 1,057,100 1,124,100
476 952 1,143,000 1,215,200 1,291,500 995,200 1,058,600 1,125,600
477 954 1,144,500 1,216,700 1,293,000 996,800 1,060,200 1,127,200
478 956 1,146,200 1,218,400 1,294,700 998,200 1,061,600 1,128,600
479 958 1,148,000 1,220,200 1,296,500 999,600 1,063,000 1,130,000
480 960 1,149,800 1,222,000 1,298,300 1,001,200 1,064,600 1,131,600
481 962 1,151,400 1,223,600 1,299,900 1,002,800 1,066,200 1,133,200
482 964 1,153,000 1,225,200 1,301,500 1,004,300 1,067,700 1,134,700
483 966 1,154,900 1,227,200 1,303,400 1,005,700 1,069,100 1,136,100
484 968 1,156,700 1,229,000 1,305,200 1,007,200 1,070,600 1,137,600
485 970 1,158,400 1,230,700 1,306,900 1,008,700 1,072,100 1,139,100
486 972 1,160,000 1,232,300 1,308,500 1,010,100 1,073,500 1,140,500
<<<PAGE 18>>>
- 16 -
구간
거리
(km)
운송
(왕복)
거리
(km)
40FT 컨테이너 20FT 컨테이너
안전위탁
운임
(원)
운수사업자
간 운임
(원)
안전운송
운임
(원)
안전위탁
운임
(원)
운수사업자
간 운임
(원)
안전운송
운임
(원)
487 974 1,161,700 1,234,000 1,310,200 1,011,700 1,075,100 1,142,100
488 976 1,163,500 1,235,800 1,312,000 1,013,200 1,076,700 1,143,600
489 978 1,165,200 1,237,500 1,313,700 1,014,700 1,078,200 1,145,100
490 980 1,166,900 1,239,200 1,315,400 1,016,100 1,079,600 1,146,500
491 982 1,168,500 1,240,800 1,317,000 1,017,700 1,081,200 1,148,100
492 984 1,170,400 1,242,700 1,318,900 1,019,100 1,082,600 1,149,500
493 986 1,172,100 1,244,400 1,320,600 1,020,500 1,084,000 1,150,900
494 988 1,173,800 1,246,100 1,322,300 1,022,000 1,085,500 1,152,400
495 990 1,175,500 1,247,900 1,324,000 1,023,700 1,087,200 1,154,100
496 992 1,177,300 1,249,700 1,325,800 1,025,200 1,088,700 1,155,600
497 994 1,179,000 1,251,400 1,327,500 1,026,500 1,090,000 1,156,900
498 996 1,180,600 1,253,000 1,329,100 1,028,100 1,091,600 1,158,500
499 998 1,182,200 1,254,600 1,330,700 1,029,500 1,093,000 1,159,900
500 1000 1,183,900 1,256,300 1,332,400 1,031,000 1,094,500 1,161,400
501 1002 1,185,800 1,258,200 1,334,300 1,032,600 1,096,100 1,163,000
502 1004 1,187,400 1,259,800 1,335,900 1,034,100 1,097,600 1,164,500
503 1006 1,189,100 1,261,500 1,337,600 1,035,500 1,099,100 1,165,900
504 1008 1,190,800 1,263,200 1,339,300 1,037,000 1,100,600 1,167,400
505 1010 1,192,700 1,265,100 1,341,200 1,038,600 1,102,200 1,169,000
506 1012 1,194,300 1,266,700 1,342,800 1,040,000 1,103,600 1,170,400
507 1014 1,196,000 1,268,400 1,344,500 1,041,500 1,105,100 1,171,900
508 1016 1,197,700 1,270,200 1,346,200 1,043,100 1,106,700 1,173,500
509 1018 1,199,600 1,272,100 1,348,100 1,044,500 1,108,100 1,174,900
510 1020 1,201,200 1,273,700 1,349,700 1,046,000 1,109,600 1,176,400
511 1022 1,202,900 1,275,400 1,351,400 1,047,500 1,111,100 1,177,900
512 1024 1,204,600 1,277,100 1,353,100 1,048,900 1,112,500 1,179,300
513 1026 1,206,400 1,278,900 1,354,900 1,050,500 1,114,100 1,180,900
514 1028 1,208,000 1,280,500 1,356,500 1,052,000 1,115,600 1,182,400
515 1030 1,209,700 1,282,200 1,358,200 1,053,500 1,117,100 1,183,900
516 1032 1,211,400 1,283,900 1,359,900 1,055,000 1,118,600 1,185,400
517 1034 1,213,200 1,285,700 1,361,700 1,056,500 1,120,200 1,186,900
518 1036 1,214,900 1,287,400 1,363,400 1,057,900 1,121,600 1,188,300
519 1038 1,216,600 1,289,100 1,365,100 1,059,500 1,123,200 1,189,900
<<<PAGE 19>>>
- 17 -
 2)기점별운임(왕복, 편도):별첨을참조
구간
거리
(km)
운송
(왕복)
거리
(km)
40FT 컨테이너 20FT 컨테이너
안전위탁
운임
(원)
운수사업자
간 운임
(원)
안전운송
운임
(원)
안전위탁
운임
(원)
운수사업자
간 운임
(원)
안전운송
운임
(원)
520 1040 1,218,200 1,290,800 1,366,700 1,060,900 1,124,600 1,191,300
521 1042 1,220,000 1,292,600 1,368,500 1,062,300 1,126,000 1,192,700
522 1044 1,221,700 1,294,300 1,370,200 1,063,800 1,127,500 1,194,200
523 1046 1,223,400 1,296,000 1,371,900 1,065,400 1,129,100 1,195,800
524 1048 1,225,100 1,297,700 1,373,600 1,066,900 1,130,600 1,197,300
525 1050 1,227,000 1,299,600 1,375,500 1,068,300 1,132,000 1,198,700
526 1052 1,228,700 1,301,300 1,377,200 1,069,900 1,133,600 1,200,300
527 1054 1,238,400 1,311,000 1,386,900 1,078,400 1,142,200 1,208,800
528 1056 1,240,100 1,312,800 1,388,600 1,080,000 1,143,800 1,210,400
529 1058 1,242,000 1,314,700 1,390,500 1,081,500 1,145,300 1,211,900
530 1060 1,243,600 1,316,300 1,392,100 1,083,000 1,146,800 1,213,400
531 1062 1,245,300 1,318,000 1,393,800 1,084,400 1,148,200 1,214,800
532 1064 1,247,000 1,319,700 1,395,500 1,085,900 1,149,700 1,216,300
533 1066 1,248,800 1,321,500 1,397,300 1,087,500 1,151,300 1,217,900
534 1068 1,250,500 1,323,200 1,399,000 1,089,000 1,152,800 1,219,400
535 1070 1,252,200 1,324,900 1,400,700 1,090,400 1,154,200 1,220,800
536 1072 1,253,800 1,326,500 1,402,300 1,092,000 1,155,800 1,222,400
537 1074 1,255,700 1,328,400 1,404,200 1,093,700 1,157,500 1,224,100
538 1076 1,257,600 1,330,300 1,406,100 1,095,000 1,158,800 1,225,400
539 1078 1,259,200 1,331,900 1,407,700 1,096,600 1,160,400 1,227,000
540 1080 1,260,900 1,333,600 1,409,400 1,098,100 1,161,900 1,228,500
541 1082 1,262,700 1,335,500 1,411,200 1,099,500 1,163,400 1,229,900
542 1084 1,264,400 1,337,200 1,412,900 1,101,100 1,165,000 1,231,500
543 1086 1,266,100 1,338,900 1,414,600 1,102,600 1,166,500 1,233,000
544 1088 1,267,800 1,340,600 1,416,300 1,104,100 1,168,000 1,234,500
545 1090 1,269,600 1,342,400 1,418,100 1,105,600 1,169,500 1,236,000
546 1092 1,271,400 1,344,200 1,419,900 1,107,100 1,171,000 1,237,500
547 1094 1,273,100 1,345,900 1,421,600 1,108,700 1,172,600 1,239,100
548 1096 1,274,700 1,347,500 1,423,200 1,110,100 1,174,000 1,240,500
549 1098 1,276,600 1,349,400 1,425,100 1,111,600 1,175,500 1,242,000
550 1100 1,278,300 1,351,100 1,426,800 1,113,100 1,177,000 1,243,500
<<<PAGE 20>>>
- 18 -
나.부산신항·광양항과배후단지간수출입컨테이너품목안전운임(편도)
(본운임표의 운임은 부가가치세가 포함되지 않은 금액임)
운송구간 구간
거리
40FT 컨테이너 20FT 컨테이너
안전위탁
운임
(원)
운수사업자
간 운임
(원)
안전운송
운임
(원)
안전위탁
운임
(원)
운수사업자
간 운임
(원)
안전운송
운임
(원)
부산
신항
1∼6터미널
↔
북컨
배후단지
7km 38,900 41,800 44,900 31,200 33,600 36,000
7터미널 10km 44,500 48,000 51,800 35,600 38,500 41,500
1∼6터미널
↔
웅동
배후단지
10km 44,500 48,000 51,800 35,600 38,500 41,500
7터미널 7km 38,900 41,800 44,900 31,200 33,600 36,000
부산신항
↔ 두동 13km 57,500 61,100 64,700 46,000 48,900 51,800
↔ 녹산 10km 54,500 58,100 61,800 43,600 46,500 49,500
광양항 ↔ 배후단지 7km 44,700 48,200 52,000 35,800 38,600 41,600
 주) 광양항 ↔ 태인동/초남공단 편도 운송은 일반컨테이너 거리별 왕복운임의 50%를
적용한다.
<<<PAGE 21>>>
- 19 -
2. ｢
자동차관리법 ｣
 제3조에 따른 특수자동차로 운송되는 시멘트 품목
안전운임
가.시멘트품목안전운임(왕복)(제주지역제외)
(본운임표의운임은부가가치세가포함되지않은금액임)
구간거리
(km)
운송(왕복)
거리
(km)
안전위탁운임 (원) 안전운송운임 (원)
26톤 기준 1톤 기준 26톤 기준 1톤 기준
1 2 85,600 3,300 93,200 3,600
2 4 85,600 3,300 93,200 3,600
3 6 85,600 3,300 93,200 3,600
4 8 85,600 3,300 93,200 3,600
5 10 85,600 3,300 93,200 3,600
6 12 85,600 3,300 93,200 3,600
7 14 85,600 3,300 93,200 3,600
8 16 85,600 3,300 93,200 3,600
9 18 85,600 3,300 93,200 3,600
10 20 85,600 3,300 93,200 3,600
11 22 88,700 3,500 96,700 3,800
12 24 92,000 3,600 100,300 3,900
13 26 95,000 3,700 103,500 4,000
14 28 98,000 3,800 106,700 4,200
15 30 101,400 3,900 110,400 4,300
16 32 104,400 4,100 113,800 4,400
17 34 107,500 4,200 117,100 4,600
18 36 110,800 4,300 120,700 4,700
19 38 113,700 4,400 123,800 4,800
20 40 115,900 4,500 126,300 4,900
21 42 118,800 4,600 129,500 5,000
22 44 122,700 4,800 133,700 5,200
23 46 125,700 4,900 137,000 5,300
24 48 128,800 5,000 140,300 5,400
<<<PAGE 22>>>
- 20 -
구간거리
(km)
운송(왕복)
거리
(km)
안전위탁운임 (원) 안전운송운임 (원)
26톤 기준 1톤 기준 26톤 기준 1톤 기준
25 50 131,700 5,100 143,500 5,600
26 52 134,600 5,200 146,700 5,700
27 54 136,900 5,300 149,200 5,800
28 56 139,300 5,400 151,800 5,900
29 58 141,700 5,500 154,400 6,000
30 60 143,700 5,600 156,600 6,100
31 62 145,700 5,700 158,800 6,200
32 64 147,600 5,700 160,800 6,200
33 66 150,100 5,800 163,500 6,300
34 68 152,600 5,900 166,300 6,400
35 70 155,000 6,000 168,900 6,500
36 72 157,800 6,100 171,900 6,700
37 74 160,200 6,200 174,500 6,800
38 76 162,500 6,300 177,000 6,900
39 78 164,900 6,400 179,700 7,000
40 80 166,900 6,500 181,800 7,000
41 82 169,000 6,500 184,100 7,100
42 84 171,100 6,600 186,400 7,200
43 86 173,000 6,700 188,500 7,300
44 88 175,100 6,800 190,800 7,400
45 90 177,000 6,900 192,800 7,500
46 92 179,000 6,900 195,000 7,500
47 94 181,000 7,000 197,200 7,600
48 96 183,000 7,100 199,400 7,700
49 98 185,100 7,200 201,700 7,800
50 100 194,000 7,500 211,400 8,200
51 102 196,000 7,600 213,500 8,300
52 104 198,000 7,700 215,700 8,300
53 106 200,000 7,700 217,900 8,400
54 108 202,000 7,800 220,100 8,500
<<<PAGE 23>>>
- 21 -
구간거리
(km)
운송(왕복)
거리
(km)
안전위탁운임 (원) 안전운송운임 (원)
26톤 기준 1톤 기준 26톤 기준 1톤 기준
55 110 204,100 7,900 222,400 8,600
56 112 205,900 8,000 224,300 8,700
57 114 208,000 8,000 226,600 8,800
58 116 209,800 8,100 228,600 8,800
59 118 211,600 8,200 230,500 8,900
60 120 213,500 8,300 232,600 9,000
61 122 215,300 8,300 234,600 9,100
62 124 217,100 8,400 236,500 9,100
63 126 218,700 8,500 238,300 9,200
64 128 220,300 8,500 240,000 9,300
65 130 222,300 8,600 242,200 9,400
66 132 224,300 8,700 244,400 9,400
67 134 226,200 8,700 246,400 9,500
68 136 228,200 8,800 248,600 9,600
69 138 230,200 8,900 250,800 9,700
70 140 232,300 9,000 253,100 9,800
71 142 234,300 9,100 255,300 9,900
72 144 236,400 9,100 257,500 10,000
73 146 238,700 9,200 260,000 10,000
74 148 240,800 9,300 262,300 10,100
75 150 243,100 9,400 264,800 10,200
76 152 245,300 9,500 267,200 10,300
77 154 247,300 9,600 269,400 10,400
78 156 249,300 9,600 271,600 10,500
79 158 251,300 9,700 273,800 10,600
80 160 253,600 9,800 276,300 10,700
81 162 255,500 9,900 278,300 10,800
82 164 257,700 10,000 280,700 10,800
83 166 259,700 10,000 282,900 10,900
84 168 261,700 10,100 285,100 11,000
<<<PAGE 24>>>
- 22 -
구간거리
(km)
운송(왕복)
거리
(km)
안전위탁운임 (원) 안전운송운임 (원)
26톤 기준 1톤 기준 26톤 기준 1톤 기준
85 170 263,800 10,200 287,400 11,100
86 172 265,800 10,300 289,600 11,200
87 174 267,900 10,400 291,900 11,300
88 176 269,900 10,400 294,000 11,400
89 178 271,900 10,500 296,200 11,400
90 180 273,800 10,600 298,300 11,500
91 182 275,700 10,700 300,300 11,600
92 184 277,600 10,700 302,400 11,700
93 186 279,400 10,800 304,400 11,800
94 188 281,300 10,900 306,400 11,800
95 190 283,200 10,900 308,500 11,900
96 192 284,900 11,000 310,400 12,000
97 194 286,900 11,100 312,500 12,100
98 196 289,000 11,200 314,800 12,200
99 198 291,100 11,200 317,100 12,200
100 200 293,200 11,300 319,400 12,300
101 202 295,200 11,400 321,600 12,400
102 204 297,300 11,500 323,900 12,500
103 206 299,200 11,600 325,900 12,600
104 208 301,000 11,600 327,900 12,700
105 210 302,600 11,700 329,600 12,700
106 212 304,400 11,800 331,600 12,800
107 214 306,200 11,800 333,600 12,900
108 216 308,100 11,900 335,600 13,000
109 218 310,000 12,000 337,700 13,000
110 220 312,100 12,100 340,000 13,100
111 222 313,900 12,100 342,000 13,200
112 224 315,700 12,200 343,900 13,300
113 226 317,400 12,300 345,800 13,300
114 228 319,200 12,300 347,700 13,400
<<<PAGE 25>>>
- 23 -
구간거리
(km)
운송(왕복)
거리
(km)
안전위탁운임 (원) 안전운송운임 (원)
26톤 기준 1톤 기준 26톤 기준 1톤 기준
115 230 321,100 12,400 349,800 13,500
116 232 322,900 12,500 351,800 13,600
117 234 324,600 12,500 353,600 13,600
118 236 326,400 12,600 355,600 13,700
119 238 328,100 12,700 357,400 13,800
120 240 329,900 12,700 359,400 13,900
121 242 331,700 12,800 361,300 13,900
122 244 333,600 12,900 363,400 14,000
123 246 335,200 12,900 365,200 14,100
124 248 337,000 13,000 367,100 14,200
125 250 338,600 13,100 368,900 14,200
126 252 340,200 13,100 370,600 14,300
127 254 348,200 13,400 379,300 14,600
128 256 349,700 13,500 381,000 14,700
129 258 351,200 13,600 382,600 14,800
130 260 352,900 13,600 384,400 14,800
131 262 354,400 13,700 386,100 14,900
132 264 356,000 13,700 387,800 15,000
133 266 357,600 13,800 389,600 15,000
134 268 359,300 13,900 391,400 15,100
135 270 360,800 13,900 393,000 15,200
136 272 362,300 14,000 394,700 15,200
137 274 363,700 14,000 396,200 15,300
138 276 365,200 14,100 397,800 15,300
139 278 366,800 14,200 399,600 15,400
140 280 368,400 14,200 401,300 15,500
141 282 369,900 14,300 403,000 15,500
142 284 371,600 14,300 404,800 15,600
143 286 373,100 14,400 406,400 15,700
144 288 374,700 14,500 408,200 15,700
<<<PAGE 26>>>
- 24 -
구간거리
(km)
운송(왕복)
거리
(km)
안전위탁운임 (원) 안전운송운임 (원)
26톤 기준 1톤 기준 26톤 기준 1톤 기준
145 290 376,300 14,500 409,900 15,800
146 292 377,900 14,600 411,700 15,900
147 294 379,400 14,600 413,300 15,900
148 296 380,900 14,700 414,900 16,000
149 298 382,500 14,800 416,700 16,100
150 300 384,000 14,800 418,300 16,100
151 302 385,700 14,900 420,200 16,200
152 304 387,200 14,900 421,800 16,300
153 306 388,700 15,000 423,400 16,300
154 308 390,200 15,100 425,100 16,400
155 310 391,900 15,100 426,900 16,500
156 312 393,800 15,200 429,000 16,500
157 314 395,400 15,300 430,700 16,600
158 316 397,000 15,300 432,500 16,700
159 318 398,700 15,400 434,300 16,800
160 320 400,400 15,400 436,200 16,800
161 322 402,200 15,500 438,100 16,900
162 324 403,800 15,600 439,900 17,000
163 326 405,500 15,600 441,700 17,000
164 328 407,300 15,700 443,700 17,100
165 330 408,900 15,800 445,400 17,200
166 332 410,500 15,800 447,200 17,200
167 334 412,100 15,900 448,900 17,300
168 336 413,700 16,000 450,700 17,400
169 338 415,400 16,000 452,500 17,500
170 340 417,600 16,100 454,900 17,500
171 342 419,700 16,200 457,200 17,600
172 344 421,700 16,300 459,400 17,700
173 346 424,100 16,400 462,000 17,800
174 348 426,400 16,400 464,500 17,900
<<<PAGE 27>>>
- 25 -
구간거리
(km)
운송(왕복)
거리
(km)
안전위탁운임 (원) 안전운송운임 (원)
26톤 기준 1톤 기준 26톤 기준 1톤 기준
175 350 428,500 16,500 466,800 18,000
176 352 430,600 16,600 469,100 18,100
177 354 432,700 16,700 471,400 18,200
178 356 434,700 16,800 473,500 18,300
179 358 436,700 16,800 475,700 18,300
180 360 438,800 16,900 478,000 18,400
181 362 441,100 17,000 480,500 18,500
182 364 443,100 17,100 482,700 18,600
183 366 445,300 17,200 485,100 18,700
184 368 447,400 17,300 487,400 18,800
185 370 449,000 17,300 489,100 18,900
186 372 450,400 17,400 490,600 18,900
187 374 452,200 17,400 492,600 19,000
188 376 454,100 17,500 494,700 19,100
189 378 456,100 17,600 496,800 19,200
190 380 458,100 17,700 499,000 19,200
191 382 460,200 17,700 501,300 19,300
192 384 462,100 17,800 503,400 19,400
193 386 463,900 17,900 505,300 19,500
194 388 465,900 18,000 507,500 19,600
195 390 467,900 18,000 509,700 19,700
196 392 469,800 18,100 511,800 19,700
197 394 471,400 18,200 513,500 19,800
198 396 472,900 18,200 515,100 19,900
199 398 474,600 18,300 517,000 19,900
200 400 476,400 18,400 519,000 20,000
201 402 478,300 18,400 521,000 20,100
202 404 480,100 18,500 523,000 20,200
203 406 481,800 18,600 524,800 20,200
204 408 484,000 18,700 527,200 20,300
<<<PAGE 28>>>
- 26 -
구간거리
(km)
운송(왕복)
거리
(km)
안전위탁운임 (원) 안전운송운임 (원)
26톤 기준 1톤 기준 26톤 기준 1톤 기준
205 410 486,000 18,700 529,400 20,400
206 412 487,800 18,800 531,400 20,500
207 414 489,500 18,900 533,200 20,600
208 416 491,000 18,900 534,900 20,600
209 418 492,400 19,000 536,400 20,700
210 420 493,900 19,000 538,000 20,700
211 422 495,400 19,100 539,700 20,800
212 424 496,700 19,200 541,100 20,900
213 426 498,200 19,200 542,700 20,900
214 428 507,200 19,600 552,500 21,300
215 430 508,900 19,600 554,400 21,400
216 432 510,500 19,700 556,100 21,400
217 434 512,000 19,700 557,700 21,500
218 436 513,500 19,800 559,400 21,600
219 438 515,000 19,900 561,000 21,600
220 440 516,600 19,900 562,700 21,700
221 442 518,200 20,000 564,500 21,800
222 444 519,600 20,000 566,000 21,800
223 446 521,100 20,100 567,600 21,900
224 448 522,700 20,200 569,400 21,900
225 450 524,200 20,200 571,000 22,000
226 452 525,800 20,300 572,800 22,100
227 454 527,300 20,300 574,400 22,100
228 456 528,900 20,400 576,100 22,200
229 458 530,400 20,400 577,800 22,300
230 460 531,900 20,500 579,400 22,300
231 462 533,400 20,600 581,000 22,400
232 464 535,000 20,600 582,800 22,500
233 466 536,500 20,700 584,400 22,500
234 468 538,000 20,700 586,100 22,600
<<<PAGE 29>>>
- 27 -
구간거리
(km)
운송(왕복)
거리
(km)
안전위탁운임 (원) 안전운송운임 (원)
26톤 기준 1톤 기준 26톤 기준 1톤 기준
235 470 539,500 20,800 587,700 22,700
236 472 541,000 20,900 589,300 22,700
237 474 542,600 20,900 591,100 22,800
238 476 544,000 21,000 592,600 22,800
239 478 545,500 21,000 594,200 22,900
240 480 547,100 21,100 596,000 23,000
241 482 548,600 21,100 597,600 23,000
242 484 550,100 21,200 599,200 23,100
243 486 551,400 21,300 600,600 23,100
244 488 552,900 21,300 602,300 23,200
245 490 554,500 21,400 604,000 23,300
246 492 556,100 21,400 605,800 23,300
247 494 557,600 21,500 607,400 23,400
248 496 559,000 21,500 608,900 23,500
249 498 560,600 21,600 610,700 23,500
250 500 562,400 21,700 612,600 23,600
251 502 563,900 21,700 614,300 23,700
252 504 565,500 21,800 616,000 23,700
253 506 567,000 21,900 617,600 23,800
254 508 568,400 21,900 619,200 23,900
255 510 569,900 22,000 620,800 23,900
256 512 571,200 22,000 622,200 24,000
257 514 572,900 22,100 624,100 24,100
258 516 574,400 22,100 625,700 24,100
259 518 576,000 22,200 627,400 24,200
260 520 577,500 22,300 629,100 24,200
261 522 579,100 22,300 630,800 24,300
262 524 580,500 22,400 632,300 24,400
263 526 582,100 22,400 634,100 24,400
264 528 583,500 22,500 635,600 24,500
<<<PAGE 30>>>
- 28 -
구간거리
(km)
운송(왕복)
거리
(km)
안전위탁운임 (원) 안전운송운임 (원)
26톤 기준 1톤 기준 26톤 기준 1톤 기준
265 530 585,000 22,500 637,200 24,600
266 532 586,400 22,600 638,800 24,600
267 534 587,800 22,700 640,300 24,700
268 536 589,300 22,700 641,900 24,700
269 538 590,900 22,800 643,700 24,800
270 540 592,600 22,800 645,500 24,900
271 542 594,200 22,900 647,300 24,900
272 544 595,900 23,000 649,100 25,000
273 546 597,400 23,000 650,800 25,100
274 548 598,800 23,100 652,300 25,100
275 550 600,200 23,100 653,800 25,200
276 552 601,600 23,200 655,300 25,300
277 554 603,200 23,200 657,100 25,300
278 556 604,700 23,300 658,700 25,400
279 558 606,200 23,400 660,300 25,400
280 560 607,700 23,400 662,000 25,500
281 562 609,100 23,500 663,500 25,600
282 564 610,400 23,500 664,900 25,600
283 566 612,000 23,600 666,700 25,700
284 568 613,400 23,600 668,200 25,700
285 570 615,000 23,700 669,900 25,800
286 572 616,500 23,800 671,600 25,900
287 574 618,000 23,800 673,200 25,900
288 576 619,400 23,900 674,700 26,000
289 578 621,000 23,900 676,500 26,100
290 580 622,500 24,000 678,100 26,100
291 582 623,900 24,000 679,600 26,200
292 584 625,400 24,100 681,300 26,300
293 586 626,900 24,200 682,900 26,300
294 588 628,200 24,200 684,300 26,400
<<<PAGE 31>>>
- 29 -
구간거리
(km)
운송(왕복)
거리
(km)
안전위탁운임 (원) 안전운송운임 (원)
26톤 기준 1톤 기준 26톤 기준 1톤 기준
295 590 629,800 24,300 686,000 26,400
296 592 631,400 24,300 687,800 26,500
297 594 632,900 24,400 689,400 26,600
298 596 634,300 24,400 690,900 26,600
299 598 636,200 24,500 693,000 26,700
300 600 697,800 26,900 760,100 29,300
301 602 699,100 26,900 761,500 29,300
302 604 700,700 27,000 763,300 29,400
303 606 702,100 27,100 764,800 29,500
304 608 703,700 27,100 766,500 29,500
305 610 705,100 27,200 768,100 29,600
306 612 765,700 29,500 834,100 32,100
307 614 767,600 29,600 836,100 32,200
308 616 769,200 29,600 837,900 32,300
309 618 771,100 29,700 840,000 32,400
310 620 772,600 29,800 841,600 32,400
311 622 774,100 29,800 843,200 32,500
312 624 775,600 29,900 844,900 32,500
313 626 777,100 29,900 846,500 32,600
314 628 778,600 30,000 848,100 32,700
315 630 780,000 30,000 849,600 32,700
316 632 781,400 30,100 851,200 32,800
317 634 782,900 30,200 852,800 32,800
318 636 784,200 30,200 854,200 32,900
319 638 785,600 30,300 855,700 33,000
320 640 786,900 30,300 857,200 33,000
321 642 788,000 30,400 858,400 33,100
322 644 789,300 30,400 859,800 33,100
323 646 790,600 30,500 861,200 33,200
324 648 791,800 30,500 862,500 33,200
<<<PAGE 32>>>
- 30 -
구간거리
(km)
운송(왕복)
거리
(km)
안전위탁운임 (원) 안전운송운임 (원)
26톤 기준 1톤 기준 26톤 기준 1톤 기준
325 650 793,100 30,600 863,900 33,300
326 652 794,400 30,600 865,300 33,300
327 654 795,800 30,700 866,900 33,400
328 656 797,200 30,700 868,400 33,400
329 658 798,600 30,800 869,900 33,500
330 660 800,000 30,800 871,400 33,600
331 662 801,200 30,900 872,700 33,600
332 664 802,600 30,900 874,300 33,700
333 666 803,800 31,000 875,600 33,700
334 668 804,900 31,000 876,800 33,800
335 670 806,200 31,100 878,200 33,800
336 672 807,300 31,100 879,400 33,900
337 674 808,700 31,200 880,900 33,900
338 676 810,100 31,200 882,400 34,000
339 678 811,400 31,300 883,800 34,000
340 680 812,600 31,300 885,200 34,100
341 682 813,800 31,300 886,500 34,100
342 684 815,200 31,400 888,000 34,200
343 686 816,400 31,400 889,300 34,300
344 688 817,600 31,500 890,600 34,300
345 690 819,000 31,500 892,100 34,400
346 692 820,200 31,600 893,400 34,400
347 694 821,400 31,600 894,700 34,500
348 696 822,600 31,700 896,000 34,500
349 698 823,900 31,700 897,500 34,600
350 700 825,200 31,800 898,900 34,600
351 702 826,500 31,800 900,300 34,700
352 704 827,900 31,900 901,800 34,700
353 706 829,400 31,900 903,500 34,800
354 708 830,700 32,000 904,900 34,900
<<<PAGE 33>>>
- 31 -
구간거리
(km)
운송(왕복)
거리
(km)
안전위탁운임 (원) 안전운송운임 (원)
26톤 기준 1톤 기준 26톤 기준 1톤 기준
355 710 832,000 32,000 906,300 34,900
356 712 833,400 32,100 907,800 35,000
357 714 834,700 32,200 909,200 35,000
358 716 836,000 32,200 910,600 35,100
359 718 837,200 32,200 912,000 35,100
360 720 838,300 32,300 913,100 35,200
361 722 839,500 32,300 914,500 35,200
362 724 840,900 32,400 916,000 35,300
363 726 842,100 32,400 917,300 35,300
364 728 843,300 32,500 918,600 35,400
365 730 844,500 32,500 919,900 35,400
366 732 845,800 32,600 921,300 35,500
367 734 847,100 32,600 922,700 35,500
368 736 848,200 32,700 923,900 35,600
369 738 849,400 32,700 925,200 35,600
370 740 850,700 32,800 926,700 35,700
371 742 852,000 32,800 928,100 35,700
372 744 853,200 32,900 929,400 35,800
373 746 854,300 32,900 930,600 35,800
374 748 855,500 33,000 931,900 35,900
375 750 856,900 33,000 933,400 35,900
376 752 858,100 33,100 934,700 36,000
377 754 859,300 33,100 936,000 36,000
378 756 860,700 33,200 937,500 36,100
379 758 862,000 33,200 939,000 36,200
380 760 863,200 33,200 940,300 36,200
381 762 864,500 33,300 941,700 36,300
382 764 865,700 33,300 943,000 36,300
383 766 867,000 33,400 944,400 36,400
384 768 868,100 33,400 945,600 36,400
<<<PAGE 34>>>
- 32 -
구간거리
(km)
운송(왕복)
거리
(km)
안전위탁운임 (원) 안전운송운임 (원)
26톤 기준 1톤 기준 26톤 기준 1톤 기준
385 770 869,300 33,500 946,900 36,500
386 772 870,600 33,500 948,300 36,500
387 774 871,700 33,600 949,500 36,600
388 776 873,000 33,600 950,900 36,600
389 778 874,200 33,700 952,300 36,700
390 780 875,600 33,700 953,800 36,700
391 782 876,900 33,800 955,200 36,800
392 784 878,200 33,800 956,600 36,800
393 786 879,400 33,900 957,900 36,900
394 788 880,500 33,900 959,100 36,900
395 790 881,800 34,000 960,500 37,000
396 792 883,000 34,000 961,800 37,000
397 794 884,300 34,100 963,300 37,100
398 796 885,600 34,100 964,700 37,200
399 798 886,600 34,100 965,800 37,200
400 800 887,800 34,200 967,100 37,200
401 802 888,900 34,200 968,300 37,300
402 804 890,300 34,300 969,800 37,300
403 806 898,300 34,600 978,500 37,700
404 808 899,600 34,600 979,900 37,700
405 810 900,800 34,700 981,200 37,800
406 812 902,100 34,700 982,600 37,800
407 814 903,300 34,800 983,900 37,900
408 816 904,600 34,800 985,400 37,900
409 818 905,700 34,900 986,600 38,000
410 820 906,900 34,900 987,900 38,000
411 822 908,000 35,000 989,100 38,100
412 824 909,200 35,000 990,400 38,100
413 826 910,400 35,100 991,700 38,200
414 828 911,600 35,100 993,000 38,200
<<<PAGE 35>>>
- 33 -
구간거리
(km)
운송(왕복)
거리
(km)
안전위탁운임 (원) 안전운송운임 (원)
26톤 기준 1톤 기준 26톤 기준 1톤 기준
415 830 912,800 35,200 994,300 38,300
416 832 914,100 35,200 995,700 38,300
417 834 915,300 35,300 997,000 38,400
418 836 916,600 35,300 998,400 38,400
419 838 917,800 35,300 999,700 38,500
420 840 919,000 35,400 1,001,000 38,500
421 842 920,300 35,400 1,002,500 38,600
422 844 921,600 35,500 1,003,900 38,700
423 846 922,700 35,500 1,005,100 38,700
424 848 923,900 35,600 1,006,400 38,800
425 850 925,000 35,600 1,007,600 38,800
426 852 926,100 35,700 1,008,800 38,800
427 854 927,100 35,700 1,009,900 38,900
428 856 928,300 35,800 1,011,200 38,900
429 858 929,400 35,800 1,012,400 39,000
430 860 930,600 35,800 1,013,700 39,000
431 862 931,700 35,900 1,014,900 39,100
432 864 933,000 35,900 1,016,300 39,100
433 866 934,200 36,000 1,017,600 39,200
434 868 935,400 36,000 1,018,900 39,200
435 870 936,500 36,100 1,020,100 39,300
436 872 937,700 36,100 1,021,400 39,300
437 874 938,800 36,200 1,022,600 39,400
438 876 939,900 36,200 1,023,900 39,400
439 878 940,900 36,200 1,025,000 39,500
440 880 942,200 36,300 1,026,400 39,500
441 882 943,400 36,300 1,027,700 39,600
442 884 944,700 36,400 1,029,100 39,600
443 886 945,800 36,400 1,030,300 39,700
444 888 947,000 36,500 1,031,600 39,700
<<<PAGE 36>>>
- 34 -
구간거리
(km)
운송(왕복)
거리
(km)
안전위탁운임 (원) 안전운송운임 (원)
26톤 기준 1톤 기준 26톤 기준 1톤 기준
445 890 948,200 36,500 1,033,000 39,800
446 892 949,400 36,600 1,034,300 39,800
447 894 950,400 36,600 1,035,400 39,900
448 896 951,500 36,600 1,036,500 39,900
449 898 952,800 36,700 1,038,000 40,000
450 900 954,100 36,700 1,039,400 40,000
<<<PAGE 37>>>
- 35 -
나.제주지역시멘트품목안전운임(왕복)
(본운임표의 운임은 부가가치세가 포함되지 않은 금액임)
구간거리
(km)
운송(왕복)
거리
(km)
안전위탁운임 (원) 안전운송운임 (원)
26톤 기준 1톤 기준 26톤 기준 1톤 기준
1 2 107,300 4,200 116,400 4,500
2 4 107,300 4,200 116,400 4,500
3 6 107,300 4,200 116,400 4,500
4 8 107,300 4,200 116,400 4,500
5 10 107,300 4,200 116,400 4,500
6 12 107,300 4,200 116,400 4,500
7 14 107,300 4,200 116,400 4,500
8 16 107,300 4,200 116,400 4,500
9 18 107,300 4,200 116,400 4,500
10 20 107,300 4,200 116,400 4,500
11 22 111,400 4,300 120,900 4,700
12 24 115,100 4,500 124,900 4,900
13 26 118,900 4,600 129,000 5,000
14 28 122,700 4,800 133,100 5,200
15 30 126,500 4,900 137,200 5,300
16 32 130,400 5,100 141,500 5,500
17 34 134,200 5,200 145,600 5,600
18 36 138,000 5,400 149,700 5,800
19 38 141,400 5,500 153,400 5,900
20 40 144,700 5,600 157,000 6,100
21 42 148,400 5,800 161,000 6,200
22 44 152,000 5,900 164,900 6,400
23 46 155,500 6,000 168,700 6,500
24 48 159,300 6,200 172,800 6,700
25 50 163,100 6,300 176,900 6,900
26 52 166,400 6,400 180,500 7,000
27 54 169,500 6,600 183,900 7,100
28 56 173,000 6,700 187,700 7,300
29 58 176,300 6,800 191,200 7,400
30 60 179,000 6,900 194,200 7,500
31 62 181,500 7,000 196,900 7,600
32 64 183,500 7,100 199,100 7,700
33 66 186,000 7,200 201,800 7,800
<<<PAGE 38>>>
- 36 -
구간거리
(km)
운송(왕복)
거리
(km)
안전위탁운임 (원) 안전운송운임 (원)
26톤 기준 1톤 기준 26톤 기준 1톤 기준
34 68 189,100 7,300 205,100 7,900
35 70 192,300 7,400 208,600 8,100
36 72 195,400 7,600 212,000 8,200
37 74 198,600 7,700 215,400 8,300
38 76 201,800 7,800 218,900 8,500
39 78 204,800 7,900 222,200 8,600
40 80 207,600 8,000 225,200 8,700
41 82 210,200 8,100 228,000 8,800
42 84 212,700 8,200 230,700 8,900
43 86 215,400 8,300 233,600 9,000
44 88 218,200 8,400 236,700 9,200
45 90 220,900 8,500 239,600 9,300
46 92 223,200 8,600 242,100 9,400
47 94 225,300 8,700 244,400 9,400
48 96 227,400 8,800 246,700 9,500
49 98 229,600 8,900 249,000 9,600
50 100 237,100 9,200 257,200 9,900
51 102 239,200 9,200 259,500 10,000
52 104 241,300 9,300 261,700 10,100
53 106 243,800 9,400 264,400 10,200
54 108 246,200 9,500 267,000 10,300
55 110 248,300 9,600 269,300 10,400
56 112 250,400 9,700 271,600 10,500
57 114 252,500 9,800 273,900 10,600
58 116 254,600 9,800 276,200 10,700
59 118 256,600 9,900 278,300 10,800
60 120 258,600 10,000 280,500 10,800
61 122 260,700 10,100 282,800 10,900
62 124 262,600 10,100 284,800 11,000
63 126 265,200 10,200 287,700 11,100
64 128 267,700 10,300 290,400 11,200
65 130 270,200 10,400 293,100 11,300
66 132 272,600 10,500 295,700 11,400
67 134 275,100 10,600 298,400 11,500
68 136 277,600 10,700 301,100 11,600
<<<PAGE 39>>>
- 37 -
구간거리
(km)
운송(왕복)
거리
(km)
안전위탁운임 (원) 안전운송운임 (원)
26톤 기준 1톤 기준 26톤 기준 1톤 기준
69 138 280,100 10,800 303,800 11,700
70 140 282,600 10,900 306,500 11,800
71 142 285,300 11,000 309,500 12,000
72 144 287,900 11,100 312,300 12,100
73 146 290,500 11,200 315,100 12,200
74 148 292,800 11,300 317,600 12,300
75 150 295,000 11,400 320,000 12,400
76 152 297,300 11,500 322,500 12,500
77 154 299,800 11,600 325,200 12,600
78 156 301,800 11,700 327,300 12,600
79 158 304,100 11,700 329,700 12,700
80 160 306,100 11,800 332,000 12,800
<<<PAGE 40>>>
- 38 -
■2026년적용화물자동차안전운임고시[별표1]
 ｢
자동차관리법｣
 제3조에따른특수자동차로 운송되는 수출입
컨테이너 품목 안전운임 부대조항(제1호관련)
제1장 정의
1. (안전운임의 정의) 화물자동차 안전운임이란 화물차주에 대한 적정한
운임의 보장을 통하여과로,과속,과적운행을방지하는등교통안전을
확보하기위하여필요한최소한의운임으로다음각목으로구분한다.
가.안전운송운임:화주가운수사업자또는화물차주에게지급하는운임
나.안전위탁운임:운수사업자가화물차주에게지급하는운임
다. 운수사업자 간 운임: 운수사업자가「화물자동차 운수사업법」(이하
“법”이라 한다) 제2조제4호, 제11조의2제2항에 따라 다른 운송사업자
(「고용보험및산업재해보상보험의보험료징수등에관한법률」에따
라 고용보험및 산재보험을납입하고, 화물차주에게직접배차하는경
우에한한다)에게운송을주선또는위탁하는경우법제5조의12에따
른안전위탁운임이상의운임을지급하기위해필요한최소한의운임
2. (안전운임의 적용 대상) 컨테이너품목안전운임의적용을받는주체는
다음각목과같다.
가."화주(貨主)"란운수사업자또는화물차주에게화물운송을위탁하는자
로서다음1)에서3)까지의어느하나에해당하는자를말한다.
 1)화주:자기명의의화물을수출입컨테이너로운송하기위하여운수사
업자또는화물차주와계약을체결하여운송을위탁하는자로서이경
우「물류정책기본법」제2조제1항제11호에따른국제물류주선업에종
사하는자를포함한다.
<<<PAGE 41>>>
- 39 -
 2)선사: 「해운법」제2조제3호에따른해상화물운송사업을경영하는자
로서, 수출입컨테이너의세척등 관리를위해운수사업자또는화물
차주에게운송을위탁하는자에한정한다.
 3)터미널운영사:「항만운송사업법」제2조제6항에따른자로서,터미널
간수출입컨테이너의운송을위해운수사업자또는화물차주에게운
송을위탁하는자에한정한다.
 나. "운수사업자"란법제3조제3항에따른운송사업자, 제24조제2항에따른
운송주선사업자및운송가맹사업자를말한다.
 다. "화물차주"란화물을직접운송하는자로서다음1)에서2)까지의어느
하나에해당하는사람을말한다.
 1)법제3조제1항제2호에따라개인화물자동차운송사업의허가를받은사람
 2)법제40조제1항에따라운송사업자로부터경영의일부를위탁받은사람
제2장 운임적용 원칙
3. (안전운임과 기존 운임과의 관계) 화물자동차안전운임이란화물차주에
대한적정한운임의보장을통하여과로, 과속, 과적운행을방지하는등
교통안전을확보하기위하여필요한최소한의운임으로서, 안전위탁운임
을이유로현재지급하고있는운임을낮게지급할수없다.
4.(차주대상비용공제또는청구)운수사업자는차주에게안전위탁운임을
지급한이후안전운임산정시차주원가항목에반영된다음각목외의비
용을공제하거나청구할수없다.단,주선사업자가중개‧
대리하여화주가
직접차주에게안전운송운임을지불한경우에는차주가해당주선사업자에
게주선요금을납부하여야한다.
 가. 지입료(법 제40조에따라차량과그 경영의일부를위탁하거나차량을
현물출자한사람에게그경영의일부를위탁한경우에한함)
<<<PAGE 42>>>
- 40 -
나. 주차료(주차장을이용하는경우에한함)
다.산재보험료및고용보험료의노무제공자(차주)부담분
5.(운임지급원칙)당월운송분안전위탁운임은익월말일이내현금으로지
급한다.단,부득이한경우에도당월마감일후45일을초과할수없다.
6.(거리측정방식)구간별거리표의거리측정방식은다음각목과같다.
가. 기‧
종점간구간거리에터미널내운송거리를더하여측정한다.
나. 기‧
종점간구간거리는대표터미널에서종점이위치한읍‧
면‧
동주민
센터까지의거리로, 거리 측정은네이버지도(거리우선, 차종5종, 4축
이상, 특수화물차적용)를이용하여오전06시에측정하는것을기준으
로한다.
다. 본운임에기‧
종점이고시되지않은구간의거리는가목과나목을기준
으로하여당사자간협의하에적용한다.
7.(운임및운송거리적용방법)본부대조항에서적용되는모든운임및요
금은십 원 단위에서반올림하여 적용(단, 부가가치세는제외)하며, 거리
(km)는소수점첫째자리에서반올림하여적용한다.
8.(부가가치세) 본부대조항이정한모든금액은부가가치세가포함되지않
은금액이다.
제3장 운송 및 규격 형태에 따른 운임 적용
9.(왕복·편도 운송운임)컨테이너품목안전운임은다음각목을따른다.
가. 모든 운임은왕복운임을적용한다. 단, 수도권화주공장(서울‧
인천‧
경
기 및 강원 춘천‧
강원 홍천 지역)에서 작업하며공(空)컨테이너의반
납 또는 수령 장소가 의왕ICD인 경우에는편도운임을적용한다. 단,
공컨테이너의반납장소가인천터미널일경우 의왕ICD 편도운임적용
후4만원을추가로지급한다.
<<<PAGE 43>>>
- 41 -
나. 할증품목 등 특수컨테이너(냉동‧
냉장컨테이너, 오픈탑(O/T) 컨테이너,
FR컨테이너등)는가목단서에해당하는경우라도왕복운임을적용한다.
10.(복화운송운임) 복화 운송의경우 왕복운임의100%를 추가 적용하며,
복화사용료및추가발생비용등은아래각목에따라적용한다.
가. 동일컨테이너를사용한복화의경우, 해당구간왕복운임의100%를추가
지급하되선사에게지급하는복화사용료는차주가실비로부담한다.
나.컨테이너가교체되는복화의경우,해당구간왕복운임의100%를추가로
지급하되복화사용료및추가발생 비용은차주와운수사업자간합의
하여야하며,추가발생운임에서만공제해야한다.
11. (COMBINE 운송) 20FT 컨테이너를 2개 운송하는 COMBINE 운송
운임은다음각목을따른다.
가. COMBINE 운송시에는각각의컨테이너에20FT 운임의100%를적용
한다.
 나. 다음1)에서4)까지요건을모두 충족한COMBINE 운송시에는20FT
컨테이너운임의 180%를 적용한다.(수입‧
수출 컨테이너에동일 적용,
배후단지‧
환적화물은제외)
 1)컨테이너2개의화주가동일할것
 2)냉동·냉장,위험물,탱크등할증대상컨테이너가아닐것
 3)컨테이너2개의중량합계가20톤미만일것
 4)동일장소에서상차하고,동일장소에서하차할것
다. COMBINE 운송 중 상행과하행 시 운송하는컨테이너가20FT 2개,
20FT 1개로각각다른경우에는다음과같이20FT 컨테이너운임의
140%를적용한다.
 1)20FT컨테이너2개운송시:20FT컨테이너각각왕복운임의40%
 2)20FT컨테이너1개운송시:20FT컨테이너왕복운임의60%
라. COMBINE운송중상행과하행시운송하는컨테이너가20FT컨테이너
<<<PAGE 44>>>
- 42 -
2개, 40FT 컨테이너1개로각각다른경우에는다음과같이운임을적
용한다.
 1)20FT컨테이너2개운송시:20FT컨테이너각각왕복운임의40%
 2)40FT컨테이너1개운송시:40FT컨테이너왕복운임의60%
12.(밥테일 운송) 화주의요청또는화주의요청을받은운수사업자의요
청으로화주문전에샤시를장치하고 트랙터만으로다시기점으로돌아오
는밥테일운송의경우,다음각목에따라운임을적용한다.
가.1회왕복시해당구간왕복운임의100%를적용한다.
나.2회왕복시해당구간왕복운임의200%를적용한다.
13.(온그라운드운송) 화주공장또는창고등화주문전에컨테이너를샤
시에서내려놓은 상태에서화물을적입또는적출하는온그라운드 작업
이발생하는운송의경우에는다음각목에따라운임을적용하며, 화물
차주에게별도의상·하차비,셔틀비등을청구할수없다.
가.컨테이너를내려놓은후샤시만기점으로돌아오는경우해당구간왕
복운임의100%를적용한다.
나. 공차로 종점으로이동하여온그라운드 작업이 끝난 컨테이너를싣고
기점으로복귀하는경우왕복운임의100%를적용한다.
다.컨테이너를내려놓은후다른컨테이너를싣고기점으로돌아오는경우
왕복운임의100%를적용한다.
14.(공차운행) 화주또는운수사업자의요구로10km이상의거리를공차로
운행할경우 요구주체는공차운행거리에해당하는왕복운임의50%를지
급하여야한다.
15.(포지셔닝) 포지셔닝(내륙컨테이너기지와항만간공컨테이너공급운송)
이발생하는경우해당구간왕복운임의50%를적용한다.
16.(셔틀운송)화주또는운수사업자의요구에의해자가CY,철도CY,사내
야적장간 셔틀 운송이편도로발생하는경우에는해당구간왕복운임의
<<<PAGE 45>>>
- 43 -
50%를 적용하며, 왕복으로발생하는경우에는해당구간왕복운임의100%
를적용한다. 단, 공차운행발생 시부대조항제14조에따른운임을적용
한다.
17. (철도 CY 직송 운송) 철도CY 물량을화물자동차로직송운송하는경우
운행거리에따른왕복운임의50%를적용한다.
18.(컨테이너세척등)컨테이너세척및손상컨테이너와관련한추가운임은
다음각목을따른다.
가. (컨테이너세척셔틀운임) 컨테이너세척발생으로차주가세척장까지
운행또는대기등을할경우선사는화주또는운수사업자를통해건당
20,000원의 셔틀운임을지급한다. 이 때 별지제1호서식의세척확인서
(전자문서포함)를증빙자료로사용하며, 차주가확인서서명을요구할시
세척을지시한자는서명해야한다.
나. (손상컨테이너셔틀운임) 항내에서손상된컨테이너를교체하기위해
대기 및상·하차, 운송등이발생하는경우선사는건당20,000원의셔
틀운임을지급한다.이때 별지제2호서식의손상컨테이너교체확인서
(전자문서포함)를증빙자료로사용하며, 차주가확인서서명을요구할
시담당자는서명해야한다.
다. (손상컨테이너회차비)화주문전에도착 후컨테이너손상이발견되어
회차및컨테이너교체가이루어지는경우에는선사가해당구간왕복운
임의80%를지급하여야한다. 단, 화주가선사에게요청한수준의컨테
이너가운송된경우에도불구하고화주가회차를요구한경우에는화주가
지급한다.
라. (전배운송운임)수출컨테이너의터미널간전배운송이발생하는경우
원인제공자(선사또는터미널운영사)는해당요율표(별첨)에따른운임
을지급한다.
19. (45FT 컨테이너) 45FT 컨테이너의‘안전위탁운임및 안전운송운임’(이하
<<<PAGE 46>>>
- 44 -
“운임”이라한다)은40FT컨테이너운임의112.5%를적용한다.
20. (비규격 컨테이너) 본 고시에서 정하지 않은 기타 비규격 컨테이너
(20FT, 40FT, 45FT를 제외한컨테이너) 운임은화주, 운수사업자, 차주
간협의하여결정한다.
제4장 할증의 적용 방법
21.(할증지급방식) 사전에예측가능한할증 운임의경우운임에포함하여지
급한다.다만, 사전에 예측하지못한운임할증(예: 배차취소료등)이발
생한경우에는운송완료이후입증자료를제출하여적용한다.
22.(할증률가산)다수의할증 조항이동시에적용되는운송일경우다음과
같이할증률을합산하여지급한다.
가.가장높은할증률1개를우선적용한후나머지할증률은50%씩만적용한다.
나. 할증 항목이3개를초과하는경우할증률이높은순서대로3개까지만합산
한다.
23.(할증적용방식)각종할증운임은다음각목을따른다.
가. (중량물할증)컨테이너내품무게가40FT23톤,20FT20톤을초과할때
부터매1톤마다해당구간운임의10%씩을할증하여적용한다.(예시1:
40FT 23톤 초과24톤 이하10%,24톤 초과25톤 이하20% 할증 적
용, 예시2 : 20FT 20톤 초과 21톤 이하 10%, 21톤 초과 22톤 이하
20% 할증 적용) 단, 테레프탈산(PTA, Purified Terephthalic Acid) 품목
에대해서는20FT 21톤을 초과하는경우매 1톤을초과할때마다 10%
씩을할증하여적용한다.
나. (활대품할증) ｢
도로법｣
제77조및 ｢
도로법시행령｣
제79조에따라도로통
행에 제한을받아 허가가필요한활대품(폭, 높이, 길이초과)은법령으
로정한제한기준으로부터매 10cm를초과할때마다해당구간운임의
<<<PAGE 47>>>
- 45 -
10%씩을할증하여적용한다. 단, 운수사업자가 제공하는서비스 비용은
별도로협의하여적용한다.
다. (탱크 컨테이너) ｢
컨테이너식이동탱크저장소의허가업무지침｣
에서정하
는‘탱크 컨테이너’를운송하는경우해당구간운임의30%를할증하여적
용한다.
라. (플렉시백 컨테이너) 플렉시백 컨테이너를 운송하는 경우 액체 화물
은 해당구간 운임의 20% 할증을 적용하고, 가루‧
칩 형태의 분말화
물은해당구간운임의10%할증을적용한다.
마. (냉동‧
냉장 컨테이너) 냉동·냉장장치가부착된 컨테이너를발전기가부
착된차량으로운송할경우장치의가동여부와상관없이해당구간운임
의30%를할증하여적용한다.단,냉동발전기가부착된샤시를운수사
업자가제공한 경우 할증의 50%는 운수사업자가 수취하며, 화주 또
는운수사업자의냉동·냉장장치가동요구에도불구하고차주가냉동·
냉장장치를가동하지않은경우에는할증운임을적용하지아니한다.
바. (덤프 컨테이너) 덤프컨테이너의경우해당구간운임의25%를할증 적용
한다.
사. (통행제한지역) 주간에화물자동차운행이제한되어허가를받아야되는
지역으로운행시해당구간운임의30%이상을할증하여적용한다.
아.(험로및오지)운송구간에다음1)에서4)까지에해당하는험로및오지
가1개이상포함될경우,전체운송구간운임에20%를할증하여적용하
며, 그이상의할증률적용은화주․운수사업자․차주간협의하여결정
한다. 별지제3호서식의험로·오지확인서(전자문서포함)를증빙자료로사
용하여,차주가확인서 서명을요구할시화주는실제발생한험로․오지
에따라서명해야한다.
 1)폭2차로미만도로
 2)비포장·자갈길등불량도로
<<<PAGE 48>>>
- 46 -
 3)급경사구간
 4)당사자간합의하는경우
자. (공휴일) 화주의요청 또는 화주의요청을받은 운수사업자의요청에
따라 ｢
관공서의공휴일에관한규정｣
 제2조또는제3조에서정하는공
휴일또는 대체공휴일에작업또는운행할경우해당구간운임의20%
를할증하여적용한다.
차. (심야) 화주의요청 또는 화주의요청을받은 운수사업자의요청으로
심야(22:00-06:00)에작업또는운행할경우해당구간 운임의20%를할
증하여적용한다.단, 이경우운수사업자와화주는확인서를 발급하여야
한다.
카. (인천기점할증) 인천신항, 인천구항, 인천국제여객부두 기점운송의
경우구간별운임표상 안전위탁운임은20%할증이 적용되어있으며,
구간별운임표에기재되지않은구간은거리별운임표를적용하되, 안전
위탁운임의 20%를별도로할증하여야한다. 창고, 공장등화주문전에
서인천기점으로운행한경우도동일하게적용한다.
타. (평택기점할증) 평택항기점운송의경우구간별운임표상안전위탁운
임은 18%할증이적용되어있으며, 구간별운임표에기재되지않은구간
은거리별 운임표를적용하되, 안전위탁운임의18%를 별도로할증하여
야 한다. 창고, 공장등화주문전에서기점으로운행한경우도동일하게
할증률을적용한다.
파.(위험물등) ｢
물류정책기본법｣
제29조제1항에서정의하는위험물,유해
화학물질 등을운송하는차량이위험물, 유해화학물질 등이적재된컨
테이너를운송할때는 위험물의종류에따라해당구간운임에다음과
같이가산적용한다.
 1)위험물,유독물,유해화학물질:30%
 2)화약류:100%
<<<PAGE 49>>>
- 47 -
 3) 방사성물질: 200%(단, 운수사업자가제공하는서비스 비용은 별도로
협의하여적용한다.)
 4) 화주는적재화물이위험물(유독물, 유해화학물질)일 경우스티커 부착
등에대한고지의무가있으며,이를고지하지않아발생하는문제에대
한책임은화주에게있다.
 5) 위험물이공장또는부두에직반입할수없어별도의위험물장치장에
보관 후 다시운송을해야하는경우에는다시운송하는거리의기본
운임과할증운임을추가로지급한다.
제5장 대기료 등 기타비용
24.(대기료) 트랙터의상‧
하차대기가발생할경우다음의가목또는나목
에따라대기료를지급한다.단,대기료는운수사업자가차주에게우선지
급한 뒤, 원인제공자에게청구한다. 대기시간은화주또는부두 운영사의
도착요청시간부터상·하차및송장발급을완료한시간까지로하고, 별지
제4호서식의대기시간확인서(전자문서도포함하고, 다목을참조하여작
성한다)또는부두 운영사의입‧
출입카드 내역서등을증빙자료로활용
한다.
가. 항만부두에서대기가발생한경우, 원인제공자는40FT와20FT 공통적
으로1시간을초과할시30분당20,000원씩대기료를지급한다.
 나. 화주 문전에서대기가 발생한 경우, 화주는 40FT 2시간 30분, 20FT
2시간을초과할시30분당20,000원씩 대기료를지급한다.
 다.상‧
하차지에서차주가별지제4호서식의대기시간확인서(전자문서포
함) 서명을요구할시, 화주는해당차량의입‧
출입시간에따라서명해
야한다.
25. (검색기 검사운송) 차주가검색대(X-ray)를 통과할 경우 운수사업자
는10만원을지급한다.
<<<PAGE 50>>>
- 48 -
26. (배차 취소료) 배차 취소료는 다음 각 목을 따른다. 다만, 천재지변
으로배차가취소되는경우에는적용하지아니한다.
가.배차를받고컨테이너상차를위한현장에도착후1시간이상경과하여
배차가취소된경우배차된해당구간왕복운임의50%를지급한다.
나. 컨테이너상차후상·하차지및작업지로이동중배차가취소되는경우
배차된해당구간왕복운임의70%를지급한다.
다. 컨테이너상차후상·하차지및작업지에도착하여대기중배차가취
소된경우에는배차된해당구간왕복운임의100%를지급하며, 과도한
대기가발생한경우대기료는추가로협의하여적용한다.
라.작업지에서작업을완료한후컨테이너를싣고이동중작업지로회차하
여상‧
하차작업을다시하는경우에는아래와같은운임을적용한다.
 1)배차된구간거리의50%이하운행후회차시:왕복운임의150%
 2)배차된구간거리의50%초과운행후회차시:왕복운임의200%
27.(선박이용료 등)도선에따른 선박 왕복이용료, 대형교량왕복통행
료(예: 인천대교, 영종대교, 거가대교 등), 인천공항 주차료가 발생하
는구간은운임에실비를추가하여지급한다.
28.(인프라운영비)CY,철송장,보관소등을설치및운영하여운송이이루
어질경우운영비,상·하차비,셔틀운임등을차주에게청구할수없다.
29. (제한차량 운행허가 수수료) ｢
도로법｣
제77조및 ｢
도로법시행령｣
제79
조와관련하여도로통행제한높이 또는길이의초과로발생되는“제한
차량운행허가”수수료등은화주가실비정산하여지급한다.
제6장 차주의 업무범위 및 갈등 조정
30.(차주의업무범위)차주에게수행시킬수없는업무는다음각목과같다.
가.FR(FlatRack)컨테이너의양옆벽면을접거나펴는작업
<<<PAGE 51>>>
- 49 -
나.컨테이너벽면각종스티커의부착및제거작업
다.컨테이너검사및청소작업
라.오픈탑컨테이너(O/T)천막개폐및설치작업
마.컨테이너문개폐업무
바.컨테이너씰체결및해체작업
사.그외법적으로차주가수행해서는안되는업무
31.(과적 단속) 송장(보세운송허가서)에기입된중량과실제중량의차이로
과적에단속되거나, 화주의적재잘못으로축중량과적에단속되어회차
할경우화주가운수사를통하여기존 배차구간운임의100%를 차주에
게지급하며과태료도화주가부담한다.
32.(새로운서비스적용) 본운임산정시누락된항목또는새로운서비스가
발생한경우항목신설 여부와금액을안전운임위원회의승인을받아 적
용한다.
33.(갈등 조정) 부대조항과관련하여갈등및혼란이초래될경우국토교통
부주관하에안전운임위원회에서의협의를통해조정할수있다.
제7장 기타 사항
34.(유가변동고시)안전운임에적용되는유가는다음각목에따른다.
가. 2026년 1월 1일∼2026년 3월 31일(3개월) 평균유가가안전운임산정시
적용된2025년10월1일∼2025년12월31일(3개월) 평균유가에비해50
원이상인상되거나인하될경우,2026년1월1일∼2026년3월31일(3개
월)의평균유가를2026년5월∼7월에적용한다.
2026년1월1일∼2026년3월31일(3개월)평균유가가2025년10월1일∼
2025년12월31일(3개월)평균유가에비해50원미만인상되거나인하될
경우, 2025년 10월 1일∼2025년 12월 31일(3개월) 평균유가를2026년 5
<<<PAGE 52>>>
- 50 -
월∼7월에그대로적용한다.
나.2026년4월1일∼2026년6월30일(3개월)평균유가가2026년5월∼7월에
적용된유가에비해50원이상인상되거나인하될 경우2026년4월1일
∼2026년6월30일(3개월)의평균유가를2026년7월∼9월에적용한다.
2026년4월1일∼2026년6월30일(3개월)평균유가가2026년5월∼7월에
적용된유가에비해50원미만인상되거나인하될 경우, 2026년5월∼7
월에적용된유가를2026년7월∼9월에그대로적용한다.
다.2026년7월1일∼2026년9월30일(3개월)평균유가가2026년7월∼9월에
적용된유가에비해50원이상인상되거나인하될 경우2026년7월1일
∼2026년9월30일(3개월)의평균유가를2026년10월∼12월에적용한다.
2026년7월1일∼2026년9월30일(3개월)평균유가가2026년7월∼9월에
적용된유가에비해50원미만인상되거나인하될 경우, 2026년7월∼9
월에적용된유가를2026년10월∼12월에그대로적용한다.
라.2026년10월1일∼2026년12월31일(3개월)평균유가가2026년10월∼12
월에적용된유가에비해50원이상인상되거나인하될 경우2026년10
월1일∼2026년12월31일(3개월)의평균유가를2027년1월∼3월에적용
한다.
2026년10월1일∼2026년12월31일(3개월)평균유가가2026년10월∼12
월에적용된유가에비해50원미만인상되거나인하될경우,2026년10
월∼12월에적용된유가를2027년1월∼3월에그대로적용한다.
35.(항만별, 터미널 내 거리) 항만별대표터미널및터미널내운송거리는
다음과같다.
 1)부산북항(신선대터미널):3.3km
 2)부산신항(HMMPSA신항만,HPNT):3.3km
 3)인천항(인천컨테이너터미널,ICT):1km
 4)인천신항(한진인천컨테이너터미널):2km
<<<PAGE 53>>>
- 51 -
 5)인천항국제여객터미널:2km
 6)광양항(한국국제터미널,허치슨):4km
 7)평택항(평택컨테이너터미널):2km
 8)울산구항:1km
 9)울산신항:2km
 10)포항항:1.5km
 11)군산항:2km
 12)마산항:1.2km
 13)대산항:1km
 14)의왕ICD(제1터미널):2km
<<<PAGE 54>>>
- 52 -
■2026년적용화물자동차안전운임고시[별표2]
｢
자동차관리법｣
 제3조에따른특수자동차로 운송되는 시멘트 품목
안전운임 부대조항(제2호관련)
제1장 정의
1. (안전운임의 정의) 화물자동차 안전운임이란 화물차주에 대한 적정한
운임의 보장을 통하여 과로, 과속, 과적 운행을 방지하는 등 교통안전
을 확보하기 위하여 필요한 최소한의 운임으로 안전위탁운임과 안전
운송운임으로구분한다.
가.안전운송운임:화주가운수사업자또는화물차주에게지급하는운임
나.안전위탁운임:운수사업자가화물차주에게지급하는운임
2. (안전운임의 적용 대상) 시멘트품목안전운임의적용을받는주체는
다음각목과같다.
가. "화주(貨主)"란 운수사업자또는 화물차주에게화물 운송을위탁하는
자로서 「화물자동차 운수사업법」(이하 "법"이라 한다) 제3조제3항
에 따른 운송사업자, 제24조제2항에 따른 운송주선사업자및 운송가
맹사업자의지위를이용하여화물을위탁하는자를제외한다.
나. "운수사업자"란 법 제3조제3항에 따른 운송사업자, 제24조제2항에 따
른운송주선사업자및운송가맹사업자를말한다.
다. "화물차주"란 화물을직접운송하는자로서다음1)에서 2)까지의어
느하나에해당하는사람을말한다.
 1)법제3조제1항제2호에따라개인화물자동차운송사업의허가를받은사람
 2)법제40조제1항에따라운송사업자로부터경영의일부를위탁받은사람
3. (적용품목)시멘트의 품목은 한국산업표준(KS) 분류상의 도자기질 타
일 시멘트, 포틀랜드 시멘트, 백색 포틀랜드 시멘트, 내화물용 알루미
<<<PAGE 55>>>
- 53 -
나 시멘트, 고로 슬래그 시멘트, 플라이 애시 시멘트, 박리 팽창 질석
을 사용한 단열 시멘트, 팽창 수경성 시멘트, 메이슨리 시멘트, 건조
시멘트모르타르, 포졸란시멘트등이포함되어있는시멘트로한다.
제2장 운임적용 원칙
4. (안전운임과 기존 운임과의 관계) 화물자동차 안전운임이란 화물차
주에 대한 적정한 운임의 보장을 통하여 과로, 과속, 과적 운행을 방
지하는 등 교통안전을 확보하기 위하여 필요한 최소한의 운임으로서,
안전위탁운임을 이유로 안전운임 시행 이전 지급하고 있는 운임을 낮
게지급할수없다.
5. (차주 대상 비용 공제 또는 청구) 운수사업자는차주에게안전위탁운임을
지급한이후안전운임산정시 차주원가항목에반영된각 목 외의비
용을 공제하거나 청구할 수 없다. 단, 주선사업자가 중개‧
대리하여 화
주가 직접 차주에게 안전운송운임을 지불한 경우에는 차주가 해당 주
선사업자에게주선요금을납부하여야한다.
 가. 지입료(｢
화물자동차 운수사업법｣
 제40조에 따라 차량과 그 경영의
일부를 위탁하거나 차량을 현물출자한 사람에게 그 경영의 일부를
위탁한경우에한함)
 나.주차료(주차장을제공하는경우에한함)
다.산재보험료및고용보험료의노무제공자(차주)부담분
6.(운임지급 원칙)운임의지급은다음의각목을따른다.
 가. (왕복운임적용원칙) 시멘트품목의안전운임(안전위탁운임, 안전운송
운임)은왕복운임적용을원칙으로한다.
 나.(중량및거리적용원칙)안전운임의경우톤·km당운임을적용하며,총
중량40톤을초과하지않는것을원칙으로한다. 단, 화주나수요자(레
<<<PAGE 56>>>
- 54 -
미콘공장,건설현장등)의요청에따라적재정량미만을운송하는경우
1대분의운임을지급한다.
 다.(운임지급기한)당월운송분안전위탁운임은익월말일이내현금으로지급
한다.단,부득이한경우에도당월마감후45일을초과할수없다
7.(기본구간 운임)운송거리10km이하구간에대해서는10km에해당하
는 운임을적용한다.
8. (거리 측정방법) 시멘트 운송구간거리는 실제 운송거리를 기준으로
소수점 첫째자리에서반올림하여적용하며, km당 운임표 상의 운임을
적용한다. 단, 거리의 측정은 아틀란 지도 추천거리를 기본으로 하
되, 당사자간 협의하여 네이버지도 추천거리(차종:5종, 4축 이상, 특수
화물차적용)를적용할수있다.
9. (부가가치세)본 부대조항이정한모든금액은부가가치세가포함되지
않은금액이다.
제3장 할증의 적용 방법
10. (할증 적용원칙) 본 부대조항에의거발생하는할증은 운수사에도동
일하게적용한다.
11.(할증 지급방식)사전에예측가능하지않은할증 운임의경우(예: 대
기발생, 배차취소등)에는입증 자료를제출할경우추가금액을안전
위탁운임에할증한다. 사전에예측 가능한 할증 운임의경우 위탁운임
에포함하여지급한다.
12.(할증률 가산)다수의할증조항이동시에적용되는운송일경우모든할증
률을합산하여운임을지급하되,할증률중가장높은할증률을적용한후
나머지는 각각해당할증률의50%씩만 적용한다. 합산 시에는적용되는
가산률중가장높은가산률에50%p를더한가산률을상한으로한다.
<<<PAGE 57>>>
- 55 -
13.(할증 적용방식)각종할증 운임은다음각목을따른다.
 가. (총중량 초과) 6.나.(중량 및 거리 적용원칙)와 관련하여화주 귀책사
유로 총중량(40톤) 초과 시, 초과 중량 1톤당 해당구간 톤당 운임의
200%를적용한다.
 나. (험로 및 오지) 운송구간에 다음 1)에서 7)까지에 해당하는 험로 및
오지가 1개 이상 포함될 경우 전체 운송구간 운임에 15%를 할증하
여 적용하며, 그 이상의 할증률 적용은 화주·운수사업자·차주 간 협
의하여 결정한다. 별지 제5호서식의 험로·오지 확인서(전자문서 포
함)를 증빙자료로 사용하며, 차주가 확인서 서명을 요구할 시 화주
는실제발생한험로·오지에따라서명해야한다.
 1) 폭 2차로미만도로
 2) 비포장,자갈길 등불량도로
 3) 급경사구간
 4) 이동식사일로가설치된현장
 5) 건설현장(진입로가비포장도로인경우)
 6) 바지선이용현장
 7) 당사자간합의하는경우
 다. (공휴일) 화주의 요청에 따라 ｢
관공서의 공휴일에 관한 규정｣
 제2조
또는 제3조에서 정하는 공휴일 또는 대체공휴일에 작업 또는 운행
할경우해당구간운임의15%를할증하여적용한다.
 라. (심야)화주의요청으로심야(22:00-06:00)에상하차또는운행할경우
해당구간운임의15%를할증하여적용한다.다만,차주의요청으로심야
(22:00-06:00)에상하차또는운행하는경우에는할증을적용하지아니한다.
 마. (모르타르 제품) 모르타르 제품을 운송하는 경우 해당 구간 운임의
20%를할증하여적용한다.
 바. (통행제한지역) 주간에 화물자동차 운행이 제한되어 허가를 받아야
<<<PAGE 58>>>
- 56 -
하는지역은해당거리운임의25%이상을할증하여적용한다.
 사. (복화수송 등) 동일화주에 의한 동일구간 복화수송 및 재고이송의
경우해당구간왕복운임의80%를할증하여적용한다.
제4장 대기료 등 기타 비용
14. (대기료) 상하차대기료는상하차지도착 후상차가60분을초과할경우
또는 하차가 60분을 초과할 경우에는 다음 각 목에 따라 30분당
10,000원씩가산지급한다.
 가. 대기료지급의기준이되는시간산정은화주(시멘트회사, 레미콘회사
등)의 요청에 따라 상‧
하차지에도착한 시간부터상‧
하차 작업을 완
료한시간까지적용한다.
 나. 별지 제6호서식의 대기시간 확인서(전자문서 포함)를 증빙자료로 사
용하며, 상‧
하차지에서차주가확인서를요구할시, 화주는해당차량
의입·출입시간에따라서명해야한다.
15. (배차 취소료)배차취소료는다음각목에따라원인제공자가지급한다.
다만, 천재지변으로배차가취소되는경우에는적용하지아니한다.
 가. 배차를 받고 상차를 위하여 현장에 도착한 후 배차가 취소된 경우
에30분당10,000원의대기료를지급한다.
 나. 상차하여 운행 중에 배차가 취소되거나 제품을 교환하기 위해 상차
지로회차하는경우실운송거리안전위탁운임의150%를지급한다.
 다. 화주 또는 운수 사업자의 귀책 사유로 시멘트를 적재한 상태에서
대기해야하는경우30분당10,000원의대기료를지급한다.
 라. 운행중하차지가변경되는경우, 이동거리에대한왕복운임을더하여
추가운행거리에대한왕복운임을추가로지급한다.
16. (잔량 회수 운행) 공사 현장에서 하차한 후 잔량을 다시 싣고 돌아
<<<PAGE 59>>>
- 57 -
오는 경우 잔량분(톤)에 대하여 해당구간 왕복운임에 50%를 추가로
지급한다.
제5장 갈등 조정 및 기타 사항
17. (새로운 서비스 적용)본운임산정시누락된항목또는새로운서비
스가 발생한경우안전운임위원회의승인을받아적용한다.
18.(유가변동 고시)안전운임에적용되는유가는다음각목에따른다.
가. 2026년 1월 1일∼2026년 3월 31일(3개월) 평균유가가안전운임산정시
적용된2025년10월1일∼2025년12월31일(3개월) 평균유가에비해50
원이상인상되거나인하될경우,2026년1월1일∼2026년3월31일(3개
월)의평균유가를2026년5월∼7월에적용한다.
2026년1월1일∼2026년3월31일(3개월)평균유가가2025년10월1일∼
2025년12월31일(3개월)평균유가에비해50원미만인상되거나인하될
경우, 2025년 10월 1일∼2025년 12월 31일(3개월) 평균유가를2026년 5
월∼7월에그대로적용한다.
나.2026년4월1일∼2026년6월30일(3개월)평균유가가2026년5월∼7월에
적용된유가에비해50원이상인상되거나인하될 경우2026년4월1일
∼2026년6월30일(3개월)의평균유가를2026년7월∼9월에적용한다.
2026년4월1일∼2026년6월30일(3개월)평균유가가2026년5월∼7월에
적용된유가에비해50원미만인상되거나인하될 경우, 2026년5월∼7
월에적용된유가를2026년7월∼9월에그대로적용한다.
다.2026년7월1일∼2026년9월30일(3개월)평균유가가2026년7월∼9월에
적용된유가에비해50원이상인상되거나인하될 경우2026년7월1일
∼2026년9월30일(3개월)의평균유가를2026년10월∼12월에적용한다.
2026년7월1일∼2026년9월30일(3개월)평균유가가2026년7월∼9월에
<<<PAGE 60>>>
- 58 -
적용된유가에비해50원미만인상되거나인하될 경우, 2026년7월∼9
월에적용된유가를2026년10월∼12월에그대로적용한다.
라.2026년10월1일∼2026년12월31일(3개월)평균유가가2026년10월∼12
월에적용된유가에비해50원이상인상되거나인하될 경우2026년10
월1일∼2026년12월31일(3개월)의평균유가를2027년1월∼3월에적용
한다.
2026년10월1일∼2026년12월31일(3개월)평균유가가2026년10월∼12
월에적용된유가에비해50원미만인상되거나인하될경우,2026년10
월∼12월에적용된유가를2027년1월∼3월에그대로적용한다.
19.(합의운임의 적용) 화물자동차안전운임및본부대조항에서정한할증
등이특정지역,현장,품목의특성을충분하게반영하지못한경우,해당
당사자(화주. 운수사업자. 화물차주) 간에고시 수준보다낮아지지 않는
조건으로합의하여시행할수있다.단,해당합의는고시운임및부대조
항에우선하여적용한다.
<<<PAGE 61>>>
- 59 -
■ 2026년 적용 화물자동차 안전운임 고시 [별지 제1호서식] 
컨테이너 세척 확인서
일시 2026년         월         일         시
출입장소(터미널)
명칭
위치
컨테이너번호 차량번호
차주 성명 운수사 명
⌜2026년 적용 화물자동차 안전운임 고시⌟ 별표 1 18.가. 관련하여 세척 셔틀운임 증빙을 위해 
해당 차량은 컨테이너 세척을 위하여 세척장까지 컨테이너를 운송하였음을 확인합니다.
2026년         월         일
확인자       소속 :           성명 :            (서명 또는 인)
<<<PAGE 62>>>
- 60 -
■ 2026년 적용 화물자동차 안전운임 고시 [별지 제2호서식] 
손상컨테이너 교체 확인서
일시 2026년        월         일         시
출입장소(터미널)
명칭
위치
컨테이너번호 차량번호
차주 성명 운수사 명
손상부위
⌜2026년 적용 화물자동차 안전운임 고시⌟ 별표 1 18.나. 관련하여 손상컨테이너 교체 셔틀운임 증빙을 위
해 해당 차량은 손상컨테이너 교체를 위하여 손상컨테이너 수리장까지 컨테이너를 운송하였음을 확인합니
다.
2026년         월         일
확인자       소속 :           성명 :            (서명 또는 인)
<<<PAGE 63>>>
- 61 -
■ 2026년 적용 화물자동차 안전운임 고시 [별지 제3호서식] 
컨테이너 험로‧
오지 확인서
일시 2026년        월         일         시
출입 사업장
명칭
위치
컨테이너번호 차량번호
차주 성명 운수사 명
험로‧오지 유형
 □ 폭 2차로 미만 도로
 □ 비포장, 자갈길 등 불량도로
 □ 급경사 구간
 □ 당사자 간 합의하는 경우
⌜2026년 적용 화물자동차 안전운임 고시⌟ 별표 1 23.아. 관련하여 험로‧오지 증빙을 위해 위와 같이 운송
구간에 험로‧오지 구간이 있었음을 확인합니다.
2026년         월         일
확인자       소속 :          성명 :           (서명 또는 인)
<<<PAGE 64>>>
- 62 -
■ 2026년 적용 화물자동차 안전운임 고시 [별지 제4호서식] 
컨테이너 대기시간 확인서
출입 사업장
명칭
위치
컨테이너번호 차량번호
차주 성명 운수사 명
입차요청시각
(화주) 2026년        월         일         시         분 
입차시각 2026년        월         일         시         분 
출차시각 2026년        월         일         시         분 
⌜2026년 적용 화물자동차 안전운임 고시⌟ 별표 1 24.다. 관련하여 대기시간 증빙을 위해 위와 같이 사업
장에 출입하였음을 확인합니다. 본 확인서는 현장 입‧출입 시스템 등과 상호 보완하여 사용할 수 있습니다.
* 참고
입차시각 : 상차지 또는 하차지 도착시각
출차시각 : 상차지 또는 하차지에서 상‧하차 완료 후 운행시작 시각
입차요청시각 : 화주가 상‧하차지에 입차를 요청한 시각
2026년         월         일
확인자       소속 :             성명 :               (서명 또는 인)
<<<PAGE 65>>>
- 63 -
■ 2026년 적용 화물자동차 안전운임 고시 [별지 제5호서식] 
시멘트 험로‧
오지 확인서
일시 2026년        월         일         시
출입 사업장
명칭
위치
차량번호
차주 성명 운수사 명
험로‧오지 유형
 □ 폭 2차로 미만 도로
 □ 비포장, 자갈길 등 불량도로
 □ 급경사 구간
 □ 이동식 사일로가 설치된 현장
 □ 건설 현장 (진입로 비포장도로인 경우)
 □ 바지선 이용 현장
 □ 당사자 간 합의하는 경우 
⌜2026년 적용 화물자동차 안전운임 고시⌟ 별표 2 13.나. 관련하여 험로‧오지 증빙을 위해 위와 같이 운송
구간에 험로‧오지 구간이 있었음을 확인합니다.
※ 별첨: 필요시 현장사진 첨부
2026년         월         일
확인자       소속 :           성명 :             (서명 또는 인)
<<<PAGE 66>>>
- 64 -
■ 2026년 적용 화물자동차 안전운임 고시 [별지 제6호서식] 
시멘트 대기시간 확인서
출입 사업장
명칭
위치
차량번호 차주 성명
입차요청시각
(화주) 2026년        월         일         시         분 
입차시각 2026년        월         일         시         분 
출차시각 2026년        월         일         시         분 
⌜2026년 적용 화물자동차 안전운임 고시⌟ 별표 2 14.나. 관련하여 대기시간 증빙을 위해 위와 같이 사업
장에 출입하였음을 확인합니다. 본 확인서는 현장 입‧출입 시스템 등과 상호 보완하여 사용할 수 있습니다.
* 참고
입차시각 : 상차지 또는 하차지 도착시각
출차시각 : 상차지 또는 하차지에서 상‧하차 완료 후 운행시작 시각
입차요청시각 : 화주가 상‧하차지에 입차를 요청한 시각
2026년         월         일
확인자       소속 :                   성명 :                  (서명 또는 인)